1	3 
2	7 
3	4 
4	25 
5	2 
6	14 
7	22 
8	11 
9	10 
10	4 
11	10 
12	18 
13	6 
14	6 
15	7 
16	20 
17	3 
18	4 
19	7 
20	10 
21	7 
22	8 
23	16 
24	10 
25	12 
26	17 
27	8 
28	12 
29	9 
30	20 
31	9 
32	20 
33	23 
34	9 
35	22 
36	24 
37	10 
38	3 
39	15 
40	25 
41	11 
42	9 
43	17 
44	9 
45	15 
46	8 
47	20 
48	7 
49	7 
50	26 
51	1 
52	9 
53	14 
54	26 
55	2 
56	8 
57	20 
58	1 
59	24 
60	6 
61	22 
62	12 
63	16 
64	22 
65	20 
66	22 
67	3 
68	8 
69	11 
70	10 
71	26 
72	17 
73	23 
74	2 
75	25 
76	9 
77	23 
78	4 
79	7 
80	21 
81	24 
82	13 
83	3 
84	13 
85	15 
86	9 
87	19 
88	17 
89	17 
90	7 
91	6 
92	24 
93	12 
94	13 
95	24 
96	6 
97	3 
98	2 
99	8 
100	3 
101	24 
102	9 
103	11 
104	26 
105	7 
106	9 
107	14 
108	21 
109	2 
110	24 
111	18 
112	19 
113	19 
114	21 
115	16 
116	16 
117	12 
118	7 
119	3 
120	24 
121	14 
122	23 
123	13 
124	16 
125	4 
126	18 
127	23 
128	9 
129	9 
130	25 
131	8 
132	7 
133	15 
134	11 
135	6 
136	25 
137	20 
138	10 
139	22 
140	22 
141	12 
142	13 
143	12 
144	10 
145	18 
146	7 
147	22 
148	26 
149	16 
150	17 
151	3 
152	15 
153	16 
154	20 
155	22 
156	10 
157	4 
158	10 
159	15 
160	7 
161	25 
162	12 
163	1 
164	1 
165	14 
166	23 
167	14 
168	1 
169	9 
170	19 
171	16 
172	20 
173	10 
174	21 
175	17 
176	1 
177	10 
178	17 
179	15 
180	14 
181	18 
182	9 
183	11 
184	25 
185	21 
186	15 
187	18 
188	24 
189	21 
190	2 
191	24 
192	7 
193	1 
194	1 
195	1 
196	17 
197	4 
198	16 
199	8 
200	21 
201	21 
202	5 
203	10 
204	9 
205	21 
206	19 
207	3 
208	15 
209	18 
210	14 
211	7 
212	1 
213	6 
214	13 
215	10 
216	6 
217	9 
218	22 
219	16 
220	7 
221	25 
222	19 
223	14 
224	19 
225	13 
226	18 
227	3 
228	9 
229	25 
230	19 
231	9 
232	7 
233	15 
234	21 
235	2 
236	4 
237	23 
238	11 
239	5 
240	4 
241	23 
242	6 
243	15 
244	4 
245	19 
246	4 
247	16 
248	8 
249	14 
250	25 
251	4 
252	19 
253	15 
254	22 
255	2 
256	14 
257	1 
258	13 
259	17 
260	21 
261	17 
262	8 
263	17 
264	8 
265	4 
266	26 
267	14 
268	3 
269	24 
270	18 
271	8 
272	3 
273	19 
274	2 
275	6 
276	3 
277	17 
278	26 
279	11 
280	16 
281	7 
282	3 
283	17 
284	20 
285	24 
286	23 
287	15 
288	12 
289	9 
290	10 
291	8 
292	14 
293	2 
294	21 
295	10 
296	11 
297	19 
298	9 
299	10 
300	16 
301	22 
302	25 
303	7 
304	25 
305	5 
306	16 
307	19 
308	24 
309	18 
310	24 
311	22 
312	1 
313	19 
314	20 
315	21 
316	13 
317	1 
318	2 
319	1 
320	5 
321	10 
322	14 
323	5 
324	8 
325	4 
326	25 
327	20 
328	13 
329	21 
330	10 
331	18 
332	9 
333	11 
334	23 
335	20 
336	11 
337	15 
338	1 
339	14 
340	7 
341	17 
342	16 
343	25 
344	18 
345	6 
346	16 
347	24 
348	16 
349	25 
350	23 
351	12 
352	3 
353	7 
354	16 
355	18 
356	10 
357	18 
358	8 
359	5 
360	6 
361	9 
362	3 
363	11 
364	10 
365	7 
366	11 
367	21 
368	10 
369	12 
370	18 
371	11 
372	6 
373	11 
374	17 
375	23 
376	2 
377	19 
378	13 
379	6 
380	8 
381	20 
382	15 
383	22 
384	17 
385	19 
386	16 
387	17 
388	21 
389	26 
390	8 
391	24 
392	9 
393	15 
394	2 
395	11 
396	18 
397	14 
398	7 
399	11 
400	15 
401	23 
402	7 
403	4 
404	5 
405	17 
406	3 
407	19 
408	23 
409	10 
410	25 
411	26 
412	5 
413	11 
414	19 
415	14 
416	6 
417	13 
418	11 
419	1 
420	10 
421	14 
422	10 
423	25 
424	26 
425	18 
426	14 
427	2 
428	3 
429	24 
430	4 
431	18 
432	4 
433	2 
434	26 
435	17 
436	8 
437	24 
438	9 
439	7 
440	17 
441	7 
442	26 
443	4 
444	6 
445	8 
446	3 
447	12 
448	4 
449	12 
450	5 
451	8 
452	25 
453	14 
454	23 
455	2 
456	20 
457	22 
458	4 
459	15 
460	25 
461	5 
462	19 
463	4 
464	26 
465	25 
466	19 
467	9 
468	7 
469	15 
470	11 
471	10 
472	16 
473	25 
474	21 
475	14 
476	7 
477	17 
478	22 
479	16 
480	26 
481	19 
482	8 
483	19 
484	4 
485	19 
486	10 
487	17 
488	16 
489	12 
490	26 
491	9 
492	24 
493	15 
494	25 
495	21 
496	14 
497	17 
498	8 
499	12 
500	13 
501	9 
502	22 
503	14 
504	11 
505	16 
506	9 
507	4 
508	12 
509	9 
510	4 
511	24 
512	1 
513	8 
514	23 
515	8 
516	4 
517	12 
518	5 
519	21 
520	15 
521	7 
522	9 
523	22 
524	17 
525	2 
526	21 
527	8 
528	9 
529	23 
530	2 
531	4 
532	21 
533	5 
534	22 
535	13 
536	22 
537	13 
538	25 
539	7 
540	13 
541	3 
542	8 
543	17 
544	2 
545	23 
546	4 
547	5 
548	9 
549	13 
550	21 
551	13 
552	19 
553	26 
554	18 
555	26 
556	7 
557	16 
558	10 
559	17 
560	26 
561	17 
562	26 
563	25 
564	26 
565	4 
566	11 
567	10 
568	5 
569	1 
570	5 
571	19 
572	9 
573	11 
574	2 
575	8 
576	22 
577	2 
578	5 
579	4 
580	22 
581	9 
582	20 
583	25 
584	2 
585	26 
586	26 
587	1 
588	23 
589	19 
590	10 
591	17 
592	24 
593	11 
594	6 
595	8 
596	16 
597	10 
598	13 
599	18 
600	25 
601	17 
602	12 
603	16 
604	20 
605	1 
606	24 
607	14 
608	6 
609	3 
610	12 
611	26 
612	12 
613	24 
614	11 
615	19 
616	15 
617	18 
618	10 
619	1 
620	20 
621	24 
622	22 
623	17 
624	5 
625	23 
626	20 
627	23 
628	22 
629	19 
630	15 
631	25 
632	22 
633	26 
634	17 
635	19 
636	24 
637	23 
638	25 
639	19 
640	12 
641	22 
642	23 
643	25 
644	7 
645	2 
646	24 
647	18 
648	6 
649	4 
650	11 
651	19 
652	26 
653	24 
654	17 
655	13 
656	10 
657	10 
658	9 
659	23 
660	4 
661	17 
662	19 
663	23 
664	21 
665	7 
666	21 
667	18 
668	10 
669	21 
670	2 
671	14 
672	20 
673	13 
674	16 
675	24 
676	2 
677	19 
678	3 
679	18 
680	11 
681	21 
682	8 
683	23 
684	3 
685	7 
686	8 
687	9 
688	5 
689	8 
690	21 
691	1 
692	24 
693	26 
694	14 
695	24 
696	18 
697	7 
698	6 
699	23 
700	21 
701	14 
702	21 
703	25 
704	4 
705	18 
706	16 
707	6 
708	7 
709	19 
710	16 
711	7 
712	20 
713	9 
714	11 
715	17 
716	20 
717	24 
718	13 
719	23 
720	19 
721	19 
722	20 
723	4 
724	2 
725	9 
726	22 
727	14 
728	4 
729	2 
730	17 
731	23 
732	12 
733	11 
734	21 
735	3 
736	5 
737	26 
738	14 
739	19 
740	4 
741	4 
742	5 
743	26 
744	25 
745	14 
746	3 
747	17 
748	5 
749	11 
750	24 
751	22 
752	17 
753	4 
754	18 
755	14 
756	6 
757	5 
758	4 
759	23 
760	5 
761	7 
762	6 
763	13 
764	20 
765	13 
766	23 
767	5 
768	11 
769	14 
770	10 
771	17 
772	23 
773	15 
774	5 
775	3 
776	2 
777	14 
778	3 
779	11 
780	4 
781	14 
782	12 
783	21 
784	22 
785	17 
786	2 
787	8 
788	5 
789	8 
790	6 
791	8 
792	2 
793	10 
794	23 
795	20 
796	17 
797	23 
798	4 
799	11 
800	7 
801	18 
802	1 
803	17 
804	12 
805	23 
806	8 
807	4 
808	17 
809	11 
810	3 
811	7 
812	19 
813	3 
814	14 
815	8 
816	3 
817	25 
818	15 
819	14 
820	21 
821	11 
822	18 
823	22 
824	7 
825	22 
826	20 
827	8 
828	8 
829	4 
830	22 
831	23 
832	6 
833	14 
834	15 
835	15 
836	16 
837	4 
838	20 
839	24 
840	13 
841	20 
842	21 
843	17 
844	1 
845	8 
846	10 
847	10 
848	17 
849	21 
850	17 
851	4 
852	16 
853	19 
854	25 
855	22 
856	24 
857	23 
858	22 
859	19 
860	11 
861	22 
862	23 
863	6 
864	20 
865	24 
866	10 
867	19 
868	26 
869	5 
870	17 
871	11 
872	10 
873	22 
874	11 
875	6 
876	21 
877	3 
878	4 
879	10 
880	25 
881	21 
882	19 
883	23 
884	14 
885	2 
886	23 
887	26 
888	22 
889	20 
890	13 
891	10 
892	6 
893	22 
894	2 
895	14 
896	22 
897	17 
898	21 
899	21 
900	9 
901	18 
902	26 
903	16 
904	19 
905	11 
906	17 
907	2 
908	4 
909	5 
910	25 
911	14 
912	14 
913	1 
914	3 
915	18 
916	24 
917	7 
918	5 
919	19 
920	17 
921	3 
922	10 
923	20 
924	16 
925	17 
926	7 
927	7 
928	16 
929	3 
930	13 
931	22 
932	9 
933	12 
934	11 
935	10 
936	2 
937	21 
938	11 
939	20 
940	9 
941	23 
942	22 
943	6 
944	24 
945	22 
946	15 
947	8 
948	10 
949	20 
950	8 
951	7 
952	19 
953	20 
954	1 
955	22 
956	25 
957	25 
958	3 
959	26 
960	4 
961	2 
962	23 
963	19 
964	21 
965	14 
966	18 
967	2 
968	9 
969	12 
970	2 
971	6 
972	4 
973	24 
974	8 
975	19 
976	23 
977	13 
978	7 
979	23 
980	24 
981	26 
982	1 
983	16 
984	3 
985	21 
986	2 
987	10 
988	13 
989	21 
990	3 
991	21 
992	3 
993	9 
994	9 
995	16 
996	25 
997	15 
998	17 
999	20 
1000	2 
1001	18 
1002	10 
1003	22 
1004	25 
1005	11 
1006	25 
1007	1 
1008	15 
1009	12 
1010	4 
1011	10 
1012	11 
1013	13 
1014	4 
1015	4 
1016	13 
1017	23 
1018	12 
1019	21 
1020	14 
1021	22 
1022	8 
1023	12 
1024	15 
1025	5 
1026	16 
1027	11 
1028	21 
1029	13 
1030	9 
1031	1 
1032	21 
1033	22 
1034	17 
1035	23 
1036	10 
1037	26 
1038	24 
1039	22 
1040	11 
1041	23 
1042	4 
1043	4 
1044	23 
1045	2 
1046	25 
1047	20 
1048	3 
1049	8 
1050	16 
1051	17 
1052	17 
1053	13 
1054	23 
1055	5 
1056	13 
1057	1 
1058	22 
1059	12 
1060	26 
1061	19 
1062	6 
1063	6 
1064	20 
1065	17 
1066	19 
1067	15 
1068	11 
1069	3 
1070	21 
1071	24 
1072	14 
1073	6 
1074	17 
1075	17 
1076	17 
1077	4 
1078	25 
1079	17 
1080	22 
1081	4 
1082	13 
1083	12 
1084	19 
1085	24 
1086	1 
1087	13 
1088	19 
1089	22 
1090	9 
1091	12 
1092	2 
1093	3 
1094	13 
1095	22 
1096	4 
1097	25 
1098	16 
1099	21 
1100	22 
1101	20 
1102	8 
1103	14 
1104	26 
1105	6 
1106	11 
1107	2 
1108	4 
1109	8 
1110	13 
1111	17 
1112	9 
1113	10 
1114	7 
1115	12 
1116	4 
1117	9 
1118	24 
1119	17 
1120	7 
1121	8 
1122	10 
1123	11 
1124	21 
1125	21 
1126	8 
1127	22 
1128	1 
1129	22 
1130	4 
1131	22 
1132	19 
1133	20 
1134	17 
1135	2 
1136	14 
1137	24 
1138	16 
1139	25 
1140	14 
1141	13 
1142	22 
1143	15 
1144	8 
1145	4 
1146	24 
1147	25 
1148	4 
1149	25 
1150	21 
1151	8 
1152	26 
1153	14 
1154	25 
1155	1 
1156	4 
1157	22 
1158	19 
1159	2 
1160	4 
1161	6 
1162	11 
1163	19 
1164	20 
1165	7 
1166	11 
1167	25 
1168	19 
1169	22 
1170	17 
1171	3 
1172	11 
1173	26 
1174	11 
1175	18 
1176	21 
1177	13 
1178	10 
1179	18 
1180	8 
1181	25 
1182	5 
1183	7 
1184	8 
1185	13 
1186	5 
1187	1 
1188	16 
1189	5 
1190	8 
1191	8 
1192	15 
1193	12 
1194	8 
1195	12 
1196	15 
1197	8 
1198	23 
1199	3 
1200	23 
1201	15 
1202	3 
1203	1 
1204	19 
1205	6 
1206	20 
1207	3 
1208	7 
1209	15 
1210	11 
1211	19 
1212	12 
1213	24 
1214	14 
1215	23 
1216	3 
1217	14 
1218	22 
1219	19 
1220	13 
1221	23 
1222	25 
1223	10 
1224	1 
1225	19 
1226	4 
1227	15 
1228	6 
1229	6 
1230	17 
1231	21 
1232	1 
1233	19 
1234	3 
1235	12 
1236	16 
1237	13 
1238	9 
1239	23 
1240	13 
1241	15 
1242	24 
1243	8 
1244	9 
1245	18 
1246	16 
1247	3 
1248	10 
1249	15 
1250	15 
1251	17 
1252	12 
1253	18 
1254	11 
1255	26 
1256	10 
1257	1 
1258	15 
1259	3 
1260	6 
1261	23 
1262	12 
1263	14 
1264	13 
1265	5 
1266	19 
1267	24 
1268	7 
1269	25 
1270	13 
1271	11 
1272	16 
1273	2 
1274	9 
1275	24 
1276	24 
1277	8 
1278	10 
1279	15 
1280	7 
1281	9 
1282	5 
1283	2 
1284	25 
1285	9 
1286	16 
1287	4 
1288	13 
1289	10 
1290	6 
1291	2 
1292	24 
1293	22 
1294	3 
1295	9 
1296	9 
1297	11 
1298	21 
1299	10 
1300	10 
1301	13 
1302	24 
1303	13 
1304	3 
1305	10 
1306	8 
1307	26 
1308	10 
1309	7 
1310	15 
1311	22 
1312	9 
1313	10 
1314	16 
1315	19 
1316	18 
1317	4 
1318	25 
1319	7 
1320	4 
1321	22 
1322	10 
1323	17 
1324	8 
1325	25 
1326	5 
1327	13 
1328	25 
1329	12 
1330	26 
1331	19 
1332	14 
1333	6 
1334	20 
1335	25 
1336	7 
1337	14 
1338	1 
1339	20 
1340	15 
1341	25 
1342	16 
1343	12 
1344	7 
1345	11 
1346	19 
1347	3 
1348	19 
1349	21 
1350	26 
1351	8 
1352	3 
1353	3 
1354	1 
1355	10 
1356	9 
1357	22 
1358	20 
1359	4 
1360	17 
1361	9 
1362	10 
1363	16 
1364	19 
1365	26 
1366	10 
1367	10 
1368	21 
1369	6 
1370	3 
1371	20 
1372	16 
1373	9 
1374	15 
1375	12 
1376	6 
1377	4 
1378	23 
1379	18 
1380	8 
1381	25 
1382	8 
1383	1 
1384	26 
1385	10 
1386	24 
1387	19 
1388	10 
1389	15 
1390	14 
1391	12 
1392	17 
1393	11 
1394	3 
1395	21 
1396	9 
1397	15 
1398	10 
1399	3 
1400	25 
1401	12 
1402	17 
1403	1 
1404	25 
1405	23 
1406	17 
1407	6 
1408	11 
1409	10 
1410	17 
1411	2 
1412	3 
1413	10 
1414	6 
1415	15 
1416	15 
1417	2 
1418	6 
1419	18 
1420	22 
1421	16 
1422	2 
1423	8 
1424	20 
1425	20 
1426	24 
1427	21 
1428	4 
1429	10 
1430	8 
1431	7 
1432	6 
1433	12 
1434	18 
1435	1 
1436	5 
1437	9 
1438	4 
1439	16 
1440	11 
1441	7 
1442	21 
1443	7 
1444	10 
1445	18 
1446	26 
1447	10 
1448	26 
1449	12 
1450	6 
1451	20 
1452	4 
1453	2 
1454	8 
1455	5 
1456	3 
1457	13 
1458	8 
1459	10 
1460	17 
1461	8 
1462	3 
1463	9 
1464	18 
1465	25 
1466	10 
1467	11 
1468	19 
1469	15 
1470	15 
1471	20 
1472	19 
1473	21 
1474	8 
1475	6 
1476	9 
1477	19 
1478	14 
1479	2 
1480	9 
1481	17 
1482	19 
1483	24 
1484	13 
1485	23 
1486	23 
1487	15 
1488	22 
1489	20 
1490	11 
1491	5 
1492	5 
1493	22 
1494	15 
1495	1 
1496	24 
1497	26 
1498	22 
1499	22 
1500	9 
1501	26 
1502	9 
1503	16 
1504	1 
1505	13 
1506	2 
1507	20 
1508	25 
1509	26 
1510	1 
1511	10 
1512	11 
1513	9 
1514	9 
1515	11 
1516	22 
1517	5 
1518	3 
1519	18 
1520	24 
1521	6 
1522	21 
1523	14 
1524	2 
1525	5 
1526	2 
1527	19 
1528	19 
1529	15 
1530	19 
1531	21 
1532	25 
1533	10 
1534	12 
1535	6 
1536	11 
1537	24 
1538	4 
1539	12 
1540	20 
1541	8 
1542	8 
1543	24 
1544	18 
1545	2 
1546	10 
1547	19 
1548	20 
1549	11 
1550	14 
1551	20 
1552	20 
1553	20 
1554	7 
1555	22 
1556	1 
1557	17 
1558	24 
1559	10 
1560	9 
1561	24 
1562	24 
1563	18 
1564	16 
1565	16 
1566	21 
1567	17 
1568	3 
1569	25 
1570	25 
1571	1 
1572	3 
1573	23 
1574	5 
1575	16 
1576	15 
1577	13 
1578	10 
1579	24 
1580	17 
1581	12 
1582	26 
1583	4 
1584	25 
1585	20 
1586	9 
1587	14 
1588	16 
1589	2 
1590	23 
1591	13 
1592	3 
1593	2 
1594	15 
1595	12 
1596	20 
1597	13 
1598	23 
1599	22 
1600	17 
1601	20 
1602	9 
1603	5 
1604	14 
1605	21 
1606	17 
1607	22 
1608	11 
1609	6 
1610	13 
1611	2 
1612	1 
1613	12 
1614	6 
1615	5 
1616	5 
1617	4 
1618	10 
1619	2 
1620	8 
1621	6 
1622	3 
1623	17 
1624	22 
1625	15 
1626	17 
1627	3 
1628	25 
1629	19 
1630	12 
1631	6 
1632	18 
1633	26 
1634	16 
1635	6 
1636	10 
1637	20 
1638	4 
1639	15 
1640	4 
1641	17 
1642	21 
1643	5 
1644	8 
1645	7 
1646	7 
1647	18 
1648	18 
1649	4 
1650	2 
1651	9 
1652	9 
1653	6 
1654	16 
1655	15 
1656	11 
1657	25 
1658	14 
1659	22 
1660	22 
1661	16 
1662	6 
1663	25 
1664	12 
1665	25 
1666	26 
1667	7 
1668	6 
1669	22 
1670	24 
1671	26 
1672	8 
1673	11 
1674	22 
1675	7 
1676	13 
1677	2 
1678	4 
1679	25 
1680	18 
1681	17 
1682	17 
1683	6 
1684	9 
1685	21 
1686	10 
1687	3 
1688	19 
1689	10 
1690	9 
1691	23 
1692	17 
1693	12 
1694	10 
1695	3 
1696	14 
1697	10 
1698	13 
1699	2 
1700	8 
1701	13 
1702	13 
1703	21 
1704	4 
1705	21 
1706	22 
1707	17 
1708	10 
1709	15 
1710	19 
1711	24 
1712	11 
1713	24 
1714	4 
1715	2 
1716	16 
1717	24 
1718	17 
1719	13 
1720	22 
1721	17 
1722	7 
1723	6 
1724	11 
1725	10 
1726	7 
1727	2 
1728	24 
1729	24 
1730	18 
1731	17 
1732	11 
1733	18 
1734	13 
1735	22 
1736	23 
1737	19 
1738	1 
1739	2 
1740	20 
1741	3 
1742	11 
1743	8 
1744	8 
1745	4 
1746	18 
1747	2 
1748	17 
1749	19 
1750	18 
1751	23 
1752	7 
1753	1 
1754	10 
1755	9 
1756	24 
1757	20 
1758	2 
1759	3 
1760	18 
1761	17 
1762	22 
1763	23 
1764	23 
1765	20 
1766	14 
1767	10 
1768	14 
1769	13 
1770	14 
1771	22 
1772	11 
1773	26 
1774	22 
1775	13 
1776	21 
1777	24 
1778	20 
1779	22 
1780	24 
1781	6 
1782	1 
1783	16 
1784	6 
1785	26 
1786	6 
1787	26 
1788	26 
1789	18 
1790	8 
1791	13 
1792	11 
1793	14 
1794	11 
1795	10 
1796	21 
1797	6 
1798	2 
1799	18 
1800	17 
1801	1 
1802	13 
1803	22 
1804	13 
1805	9 
1806	25 
1807	17 
1808	15 
1809	2 
1810	21 
1811	16 
1812	17 
1813	13 
1814	3 
1815	14 
1816	18 
1817	21 
1818	23 
1819	5 
1820	17 
1821	20 
1822	12 
1823	15 
1824	15 
1825	11 
1826	26 
1827	7 
1828	20 
1829	12 
1830	9 
1831	9 
1832	17 
1833	18 
1834	21 
1835	9 
1836	2 
1837	9 
1838	26 
1839	7 
1840	6 
1841	11 
1842	7 
1843	22 
1844	2 
1845	17 
1846	1 
1847	9 
1848	22 
1849	9 
1850	26 
1851	3 
1852	8 
1853	25 
1854	16 
1855	13 
1856	7 
1857	3 
1858	25 
1859	14 
1860	7 
1861	10 
1862	21 
1863	13 
1864	16 
1865	4 
1866	15 
1867	1 
1868	3 
1869	13 
1870	18 
1871	1 
1872	24 
1873	2 
1874	11 
1875	22 
1876	5 
1877	3 
1878	16 
1879	10 
1880	3 
1881	24 
1882	15 
1883	7 
1884	20 
1885	18 
1886	15 
1887	13 
1888	21 
1889	15 
1890	13 
1891	15 
1892	25 
1893	13 
1894	1 
1895	24 
1896	17 
1897	8 
1898	4 
1899	17 
1900	20 
1901	9 
1902	5 
1903	14 
1904	22 
1905	20 
1906	2 
1907	8 
1908	17 
1909	25 
1910	26 
1911	11 
1912	10 
1913	3 
1914	16 
1915	12 
1916	9 
1917	2 
1918	17 
1919	18 
1920	15 
1921	15 
1922	7 
1923	11 
1924	4 
1925	17 
1926	4 
1927	20 
1928	22 
1929	5 
1930	23 
1931	17 
1932	12 
1933	8 
1934	11 
1935	5 
1936	14 
1937	26 
1938	9 
1939	7 
1940	9 
1941	13 
1942	22 
1943	2 
1944	11 
1945	23 
1946	22 
1947	25 
1948	17 
1949	20 
1950	15 
1951	17 
1952	5 
1953	23 
1954	6 
1955	22 
1956	11 
1957	12 
1958	4 
1959	7 
1960	25 
1961	21 
1962	14 
1963	11 
1964	2 
1965	13 
1966	18 
1967	12 
1968	5 
1969	9 
1970	22 
1971	15 
1972	13 
1973	4 
1974	19 
1975	3 
1976	22 
1977	23 
1978	1 
1979	8 
1980	22 
1981	22 
1982	19 
1983	26 
1984	15 
1985	26 
1986	18 
1987	12 
1988	3 
1989	10 
1990	21 
1991	4 
1992	19 
1993	4 
1994	22 
1995	4 
1996	2 
1997	2 
1998	17 
1999	18 
2000	5 
2001	9 
2002	2 
2003	13 
2004	26 
2005	17 
2006	26 
2007	8 
2008	9 
2009	8 
2010	17 
2011	1 
2012	18 
2013	21 
2014	14 
2015	25 
2016	2 
2017	1 
2018	5 
2019	24 
2020	2 
2021	5 
2022	20 
2023	4 
2024	8 
2025	7 
2026	22 
2027	4 
2028	7 
2029	8 
2030	5 
2031	4 
2032	13 
2033	2 
2034	18 
2035	5 
2036	10 
2037	22 
2038	10 
2039	2 
2040	8 
2041	2 
2042	23 
2043	24 
2044	6 
2045	8 
2046	22 
2047	20 
2048	4 
2049	11 
2050	5 
2051	10 
2052	14 
2053	16 
2054	10 
2055	8 
2056	20 
2057	10 
2058	5 
2059	19 
2060	15 
2061	22 
2062	13 
2063	3 
2064	11 
2065	14 
2066	16 
2067	6 
2068	1 
2069	12 
2070	23 
2071	2 
2072	4 
2073	15 
2074	18 
2075	10 
2076	17 
2077	7 
2078	17 
2079	26 
2080	19 
2081	15 
2082	25 
2083	20 
2084	17 
2085	14 
2086	5 
2087	26 
2088	8 
2089	19 
2090	25 
2091	6 
2092	18 
2093	11 
2094	15 
2095	7 
2096	14 
2097	9 
2098	6 
2099	1 
2100	18 
2101	18 
2102	9 
2103	9 
2104	7 
2105	10 
2106	23 
2107	14 
2108	5 
2109	4 
2110	12 
2111	3 
2112	7 
2113	22 
2114	1 
2115	16 
2116	22 
2117	23 
2118	9 
2119	17 
2120	20 
2121	17 
2122	15 
2123	8 
2124	4 
2125	5 
2126	18 
2127	10 
2128	16 
2129	2 
2130	10 
2131	4 
2132	25 
2133	12 
2134	1 
2135	1 
2136	13 
2137	20 
2138	4 
2139	12 
2140	5 
2141	3 
2142	13 
2143	6 
2144	6 
2145	4 
2146	15 
2147	13 
2148	7 
2149	10 
2150	1 
2151	17 
2152	11 
2153	5 
2154	9 
2155	17 
2156	21 
2157	10 
2158	3 
2159	12 
2160	20 
2161	4 
2162	19 
2163	16 
2164	6 
2165	13 
2166	6 
2167	2 
2168	5 
2169	3 
2170	16 
2171	6 
2172	1 
2173	21 
2174	10 
2175	17 
2176	16 
2177	6 
2178	18 
2179	18 
2180	24 
2181	19 
2182	22 
2183	8 
2184	1 
2185	24 
2186	13 
2187	11 
2188	3 
2189	2 
2190	15 
2191	26 
2192	7 
2193	15 
2194	19 
2195	16 
2196	25 
2197	25 
2198	11 
2199	16 
2200	8 
2201	23 
2202	18 
2203	6 
2204	9 
2205	17 
2206	5 
2207	13 
2208	7 
2209	17 
2210	17 
2211	15 
2212	18 
2213	5 
2214	7 
2215	17 
2216	10 
2217	18 
2218	14 
2219	19 
2220	2 
2221	13 
2222	17 
2223	13 
2224	22 
2225	9 
2226	8 
2227	12 
2228	22 
2229	11 
2230	7 
2231	22 
2232	19 
2233	24 
2234	7 
2235	26 
2236	14 
2237	20 
2238	11 
2239	17 
2240	21 
2241	15 
2242	4 
2243	25 
2244	5 
2245	11 
2246	21 
2247	16 
2248	20 
2249	10 
2250	16 
2251	7 
2252	2 
2253	14 
2254	2 
2255	4 
2256	19 
2257	13 
2258	13 
2259	17 
2260	1 
2261	20 
2262	7 
2263	17 
2264	16 
2265	7 
2266	2 
2267	1 
2268	4 
2269	4 
2270	22 
2271	21 
2272	4 
2273	2 
2274	13 
2275	9 
2276	10 
2277	22 
2278	26 
2279	4 
2280	7 
2281	20 
2282	5 
2283	24 
2284	13 
2285	1 
2286	18 
2287	20 
2288	17 
2289	23 
2290	22 
2291	14 
2292	12 
2293	16 
2294	4 
2295	16 
2296	26 
2297	26 
2298	17 
2299	1 
2300	26 
2301	17 
2302	20 
2303	21 
2304	26 
2305	8 
2306	26 
2307	17 
2308	10 
2309	4 
2310	8 
2311	6 
2312	23 
2313	8 
2314	24 
2315	4 
2316	2 
2317	6 
2318	14 
2319	3 
2320	26 
2321	7 
2322	10 
2323	3 
2324	26 
2325	14 
2326	14 
2327	10 
2328	23 
2329	22 
2330	5 
2331	24 
2332	5 
2333	20 
2334	11 
2335	3 
2336	8 
2337	24 
2338	13 
2339	18 
2340	3 
2341	17 
2342	6 
2343	17 
2344	4 
2345	22 
2346	16 
2347	9 
2348	1 
2349	4 
2350	17 
2351	7 
2352	4 
2353	3 
2354	19 
2355	20 
2356	24 
2357	8 
2358	1 
2359	22 
2360	9 
2361	18 
2362	14 
2363	24 
2364	17 
2365	2 
2366	8 
2367	8 
2368	1 
2369	18 
2370	18 
2371	20 
2372	15 
2373	2 
2374	2 
2375	1 
2376	5 
2377	11 
2378	17 
2379	23 
2380	14 
2381	17 
2382	7 
2383	10 
2384	6 
2385	23 
2386	24 
2387	12 
2388	6 
2389	11 
2390	3 
2391	2 
2392	9 
2393	10 
2394	6 
2395	18 
2396	13 
2397	12 
2398	17 
2399	6 
2400	4 
2401	20 
2402	2 
2403	4 
2404	17 
2405	3 
2406	13 
2407	20 
2408	14 
2409	16 
2410	12 
2411	24 
2412	17 
2413	17 
2414	23 
2415	7 
2416	14 
2417	7 
2418	7 
2419	13 
2420	25 
2421	15 
2422	24 
2423	3 
2424	18 
2425	26 
2426	19 
2427	1 
2428	15 
2429	4 
2430	12 
2431	4 
2432	2 
2433	2 
2434	3 
2435	11 
2436	13 
2437	4 
2438	10 
2439	1 
2440	7 
2441	12 
2442	19 
2443	2 
2444	9 
2445	7 
2446	8 
2447	9 
2448	15 
2449	9 
2450	22 
2451	1 
2452	16 
2453	9 
2454	16 
2455	10 
2456	12 
2457	24 
2458	23 
2459	20 
2460	17 
2461	13 
2462	19 
2463	25 
2464	10 
2465	14 
2466	21 
2467	17 
2468	16 
2469	6 
2470	25 
2471	6 
2472	17 
2473	14 
2474	7 
2475	1 
2476	17 
2477	25 
2478	4 
2479	18 
2480	24 
2481	25 
2482	7 
2483	4 
2484	15 
2485	1 
2486	13 
2487	9 
2488	17 
2489	20 
2490	9 
2491	4 
2492	25 
2493	4 
2494	25 
2495	14 
2496	13 
2497	18 
2498	3 
2499	16 
2500	3 
2501	3 
2502	22 
2503	6 
2504	25 
2505	2 
2506	25 
2507	2 
2508	19 
2509	20 
2510	8 
2511	17 
2512	8 
2513	7 
2514	6 
2515	13 
2516	2 
2517	9 
2518	25 
2519	26 
2520	6 
2521	8 
2522	17 
2523	4 
2524	13 
2525	20 
2526	24 
2527	13 
2528	12 
2529	13 
2530	25 
2531	17 
2532	3 
2533	4 
2534	25 
2535	11 
2536	6 
2537	26 
2538	20 
2539	11 
2540	11 
2541	8 
2542	12 
2543	1 
2544	7 
2545	24 
2546	6 
2547	14 
2548	13 
2549	21 
2550	6 
2551	6 
2552	8 
2553	20 
2554	14 
2555	4 
2556	25 
2557	13 
2558	5 
2559	19 
2560	17 
2561	20 
2562	15 
2563	2 
2564	15 
2565	13 
2566	18 
2567	24 
2568	3 
2569	17 
2570	10 
2571	17 
2572	3 
2573	4 
2574	23 
2575	22 
2576	7 
2577	17 
2578	15 
2579	26 
2580	17 
2581	3 
2582	3 
2583	7 
2584	9 
2585	22 
2586	16 
2587	25 
2588	9 
2589	17 
2590	10 
2591	21 
2592	15 
2593	18 
2594	18 
2595	17 
2596	6 
2597	12 
2598	6 
2599	3 
2600	6 
2601	18 
2602	25 
2603	20 
2604	13 
2605	23 
2606	18 
2607	8 
2608	3 
2609	3 
2610	26 
2611	3 
2612	1 
2613	10 
2614	20 
2615	19 
2616	13 
2617	20 
2618	21 
2619	6 
2620	3 
2621	26 
2622	25 
2623	21 
2624	25 
2625	18 
2626	17 
2627	3 
2628	1 
2629	21 
2630	10 
2631	12 
2632	6 
2633	25 
2634	3 
2635	17 
2636	2 
2637	3 
2638	1 
2639	14 
2640	17 
2641	11 
2642	19 
2643	21 
2644	4 
2645	18 
2646	6 
2647	16 
2648	4 
2649	14 
2650	11 
2651	13 
2652	24 
2653	22 
2654	11 
2655	19 
2656	9 
2657	5 
2658	10 
2659	18 
2660	17 
2661	11 
2662	21 
2663	10 
2664	2 
2665	10 
2666	5 
2667	20 
2668	20 
2669	11 
2670	20 
2671	15 
2672	14 
2673	19 
2674	22 
2675	20 
2676	17 
2677	12 
2678	23 
2679	15 
2680	10 
2681	24 
2682	16 
2683	4 
2684	12 
2685	25 
2686	24 
2687	11 
2688	12 
2689	15 
2690	16 
2691	15 
2692	11 
2693	2 
2694	13 
2695	17 
2696	16 
2697	17 
2698	5 
2699	15 
2700	19 
2701	2 
2702	22 
2703	5 
2704	17 
2705	6 
2706	22 
2707	17 
2708	7 
2709	21 
2710	5 
2711	1 
2712	8 
2713	22 
2714	21 
2715	26 
2716	21 
2717	2 
2718	7 
2719	17 
2720	13 
2721	16 
2722	26 
2723	12 
2724	13 
2725	19 
2726	21 
2727	13 
2728	13 
2729	18 
2730	15 
2731	2 
2732	21 
2733	8 
2734	16 
2735	2 
2736	12 
2737	12 
2738	20 
2739	4 
2740	4 
2741	17 
2742	4 
2743	4 
2744	12 
2745	14 
2746	8 
2747	25 
2748	14 
2749	15 
2750	4 
2751	25 
2752	18 
2753	14 
2754	24 
2755	23 
2756	21 
2757	3 
2758	7 
2759	23 
2760	20 
2761	2 
2762	25 
2763	17 
2764	13 
2765	16 
2766	14 
2767	23 
2768	10 
2769	13 
2770	7 
2771	4 
2772	14 
2773	17 
2774	5 
2775	10 
2776	11 
2777	13 
2778	7 
2779	18 
2780	6 
2781	19 
2782	22 
2783	11 
2784	8 
2785	13 
2786	5 
2787	26 
2788	22 
2789	24 
2790	20 
2791	2 
2792	4 
2793	18 
2794	6 
2795	7 
2796	26 
2797	8 
2798	10 
2799	23 
2800	22 
2801	10 
2802	1 
2803	12 
2804	6 
2805	20 
2806	17 
2807	1 
2808	7 
2809	17 
2810	4 
2811	23 
2812	4 
2813	5 
2814	10 
2815	10 
2816	1 
2817	26 
2818	8 
2819	2 
2820	1 
2821	25 
2822	2 
2823	25 
2824	24 
2825	20 
2826	1 
2827	8 
2828	10 
2829	1 
2830	9 
2831	17 
2832	15 
2833	3 
2834	23 
2835	16 
2836	7 
2837	3 
2838	2 
2839	9 
2840	13 
2841	14 
2842	26 
2843	13 
2844	6 
2845	24 
2846	14 
2847	13 
2848	7 
2849	22 
2850	2 
2851	2 
2852	3 
2853	12 
2854	13 
2855	1 
2856	2 
2857	14 
2858	24 
2859	2 
2860	6 
2861	3 
2862	24 
2863	18 
2864	22 
2865	11 
2866	9 
2867	17 
2868	19 
2869	13 
2870	25 
2871	3 
2872	14 
2873	1 
2874	24 
2875	22 
2876	9 
2877	20 
2878	3 
2879	9 
2880	9 
2881	12 
2882	20 
2883	10 
2884	3 
2885	12 
2886	13 
2887	22 
2888	3 
2889	12 
2890	11 
2891	10 
2892	26 
2893	26 
2894	1 
2895	10 
2896	17 
2897	23 
2898	5 
2899	8 
2900	6 
2901	20 
2902	23 
2903	5 
2904	22 
2905	17 
2906	8 
2907	18 
2908	11 
2909	18 
2910	11 
2911	2 
2912	22 
2913	6 
2914	23 
2915	10 
2916	24 
2917	7 
2918	22 
2919	25 
2920	7 
2921	17 
2922	3 
2923	10 
2924	13 
2925	18 
2926	5 
2927	17 
2928	15 
2929	1 
2930	7 
2931	7 
2932	3 
2933	23 
2934	4 
2935	26 
2936	26 
2937	2 
2938	25 
2939	4 
2940	3 
2941	5 
2942	10 
2943	2 
2944	18 
2945	13 
2946	25 
2947	22 
2948	4 
2949	3 
2950	6 
2951	8 
2952	12 
2953	13 
2954	26 
2955	15 
2956	2 
2957	20 
2958	7 
2959	21 
2960	16 
2961	13 
2962	25 
2963	7 
2964	8 
2965	3 
2966	25 
2967	16 
2968	9 
2969	3 
2970	6 
2971	2 
2972	9 
2973	20 
2974	19 
2975	15 
2976	4 
2977	21 
2978	12 
2979	3 
2980	14 
2981	2 
2982	18 
2983	5 
2984	20 
2985	19 
2986	12 
2987	5 
2988	1 
2989	5 
2990	11 
2991	25 
2992	10 
2993	14 
2994	18 
2995	24 
2996	13 
2997	4 
2998	9 
2999	3 
3000	6 
3001	3 
3002	4 
3003	19 
3004	16 
3005	21 
3006	24 
3007	20 
3008	20 
3009	24 
3010	20 
3011	14 
3012	4 
3013	17 
3014	15 
3015	16 
3016	6 
3017	9 
3018	17 
3019	16 
3020	2 
3021	14 
3022	8 
3023	6 
3024	2 
3025	7 
3026	13 
3027	20 
3028	10 
3029	14 
3030	6 
3031	17 
3032	11 
3033	15 
3034	15 
3035	6 
3036	1 
3037	17 
3038	21 
3039	10 
3040	7 
3041	8 
3042	5 
3043	19 
3044	6 
3045	10 
3046	20 
3047	8 
3048	24 
3049	9 
3050	10 
3051	18 
3052	1 
3053	6 
3054	23 
3055	23 
3056	16 
3057	15 
3058	24 
3059	8 
3060	13 
3061	17 
3062	20 
3063	3 
3064	17 
3065	4 
3066	15 
3067	19 
3068	12 
3069	25 
3070	8 
3071	22 
3072	11 
3073	25 
3074	19 
3075	16 
3076	20 
3077	23 
3078	7 
3079	13 
3080	4 
3081	3 
3082	16 
3083	26 
3084	4 
3085	17 
3086	9 
3087	13 
3088	25 
3089	3 
3090	6 
3091	23 
3092	3 
3093	24 
3094	25 
3095	12 
3096	13 
3097	17 
3098	18 
3099	15 
3100	1 
3101	10 
3102	10 
3103	24 
3104	1 
3105	12 
3106	13 
3107	8 
3108	13 
3109	19 
3110	25 
3111	8 
3112	8 
3113	3 
3114	23 
3115	26 
3116	23 
3117	17 
3118	8 
3119	11 
3120	13 
3121	10 
3122	15 
3123	20 
3124	26 
3125	17 
3126	22 
3127	4 
3128	4 
3129	11 
3130	22 
3131	21 
3132	13 
3133	6 
3134	7 
3135	24 
3136	24 
3137	10 
3138	26 
3139	17 
3140	12 
3141	19 
3142	16 
3143	1 
3144	15 
3145	21 
3146	21 
3147	10 
3148	19 
3149	5 
3150	12 
3151	25 
3152	3 
3153	24 
3154	17 
3155	10 
3156	5 
3157	18 
3158	6 
3159	1 
3160	18 
3161	25 
3162	4 
3163	11 
3164	17 
3165	16 
3166	9 
3167	6 
3168	11 
3169	26 
3170	12 
3171	26 
3172	6 
3173	23 
3174	16 
3175	17 
3176	22 
3177	5 
3178	17 
3179	22 
3180	18 
3181	16 
3182	25 
3183	25 
3184	21 
3185	16 
3186	6 
3187	24 
3188	10 
3189	14 
3190	24 
3191	2 
3192	20 
3193	11 
3194	8 
3195	22 
3196	1 
3197	2 
3198	15 
3199	1 
3200	24 
3201	21 
3202	6 
3203	25 
3204	10 
3205	7 
3206	13 
3207	10 
3208	11 
3209	18 
3210	13 
3211	20 
3212	6 
3213	18 
3214	3 
3215	11 
3216	25 
3217	25 
3218	26 
3219	25 
3220	8 
3221	25 
3222	9 
3223	22 
3224	4 
3225	6 
3226	21 
3227	12 
3228	22 
3229	12 
3230	20 
3231	22 
3232	25 
3233	18 
3234	24 
3235	9 
3236	4 
3237	10 
3238	6 
3239	23 
3240	19 
3241	26 
3242	25 
3243	23 
3244	14 
3245	2 
3246	2 
3247	16 
3248	14 
3249	24 
3250	12 
3251	4 
3252	16 
3253	18 
3254	1 
3255	20 
3256	7 
3257	22 
3258	3 
3259	13 
3260	18 
3261	8 
3262	14 
3263	2 
3264	10 
3265	10 
3266	15 
3267	23 
3268	18 
3269	9 
3270	12 
3271	13 
3272	21 
3273	1 
3274	17 
3275	23 
3276	4 
3277	9 
3278	23 
3279	16 
3280	8 
3281	3 
3282	21 
3283	7 
3284	23 
3285	17 
3286	18 
3287	21 
3288	13 
3289	4 
3290	19 
3291	5 
3292	21 
3293	7 
3294	10 
3295	19 
3296	25 
3297	16 
3298	25 
3299	15 
3300	9 
3301	1 
3302	14 
3303	15 
3304	13 
3305	6 
3306	18 
3307	5 
3308	17 
3309	16 
3310	14 
3311	15 
3312	10 
3313	20 
3314	2 
3315	25 
3316	4 
3317	18 
3318	11 
3319	4 
3320	18 
3321	13 
3322	17 
3323	26 
3324	13 
3325	2 
3326	19 
3327	22 
3328	9 
3329	4 
3330	12 
3331	15 
3332	22 
3333	25 
3334	4 
3335	8 
3336	19 
3337	1 
3338	19 
3339	26 
3340	6 
3341	2 
3342	2 
3343	19 
3344	26 
3345	18 
3346	21 
3347	20 
3348	13 
3349	8 
3350	13 
3351	19 
3352	5 
3353	4 
3354	21 
3355	6 
3356	24 
3357	14 
3358	19 
3359	2 
3360	24 
3361	8 
3362	21 
3363	8 
3364	2 
3365	6 
3366	2 
3367	16 
3368	2 
3369	25 
3370	10 
3371	10 
3372	26 
3373	21 
3374	12 
3375	16 
3376	20 
3377	24 
3378	15 
3379	7 
3380	1 
3381	22 
3382	24 
3383	10 
3384	18 
3385	2 
3386	8 
3387	11 
3388	3 
3389	11 
3390	3 
3391	7 
3392	18 
3393	5 
3394	19 
3395	5 
3396	16 
3397	23 
3398	7 
3399	19 
3400	5 
3401	3 
3402	2 
3403	9 
3404	2 
3405	14 
3406	22 
3407	20 
3408	2 
3409	3 
3410	20 
3411	22 
3412	25 
3413	2 
3414	13 
3415	11 
3416	12 
3417	1 
3418	22 
3419	13 
3420	10 
3421	26 
3422	19 
3423	6 
3424	5 
3425	26 
3426	16 
3427	20 
3428	16 
3429	20 
3430	4 
3431	8 
3432	12 
3433	16 
3434	13 
3435	19 
3436	19 
3437	14 
3438	25 
3439	21 
3440	9 
3441	9 
3442	17 
3443	13 
3444	16 
3445	24 
3446	6 
3447	4 
3448	2 
3449	4 
3450	1 
3451	26 
3452	12 
3453	12 
3454	25 
3455	23 
3456	5 
3457	26 
3458	9 
3459	21 
3460	22 
3461	24 
3462	17 
3463	21 
3464	9 
3465	25 
3466	18 
3467	25 
3468	13 
3469	4 
3470	18 
3471	7 
3472	2 
3473	13 
3474	8 
3475	12 
3476	8 
3477	24 
3478	3 
3479	17 
3480	3 
3481	25 
3482	25 
3483	6 
3484	23 
3485	10 
3486	9 
3487	20 
3488	14 
3489	7 
3490	22 
3491	19 
3492	10 
3493	1 
3494	12 
3495	18 
3496	19 
3497	22 
3498	22 
3499	20 
3500	9 
3501	24 
3502	19 
3503	7 
3504	9 
3505	20 
3506	10 
3507	15 
3508	4 
3509	11 
3510	19 
3511	17 
3512	23 
3513	8 
3514	25 
3515	10 
3516	10 
3517	10 
3518	20 
3519	2 
3520	13 
3521	16 
3522	10 
3523	22 
3524	5 
3525	6 
3526	4 
3527	19 
3528	4 
3529	11 
3530	3 
3531	3 
3532	13 
3533	6 
3534	21 
3535	3 
3536	23 
3537	22 
3538	26 
3539	21 
3540	3 
3541	2 
3542	13 
3543	10 
3544	6 
3545	2 
3546	21 
3547	7 
3548	24 
3549	25 
3550	8 
3551	26 
3552	1 
3553	5 
3554	19 
3555	16 
3556	15 
3557	22 
3558	7 
3559	6 
3560	10 
3561	4 
3562	22 
3563	5 
3564	20 
3565	2 
3566	6 
3567	19 
3568	24 
3569	25 
3570	5 
3571	7 
3572	4 
3573	22 
3574	21 
3575	1 
3576	1 
3577	25 
3578	17 
3579	9 
3580	2 
3581	5 
3582	15 
3583	1 
3584	16 
3585	13 
3586	14 
3587	7 
3588	7 
3589	5 
3590	22 
3591	12 
3592	13 
3593	20 
3594	4 
3595	15 
3596	20 
3597	13 
3598	4 
3599	19 
3600	10 
3601	4 
3602	8 
3603	23 
3604	10 
3605	9 
3606	3 
3607	1 
3608	10 
3609	19 
3610	23 
3611	10 
3612	20 
3613	23 
3614	18 
3615	24 
3616	5 
3617	12 
3618	18 
3619	10 
3620	9 
3621	1 
3622	23 
3623	4 
3624	6 
3625	20 
3626	19 
3627	4 
3628	5 
3629	6 
3630	4 
3631	15 
3632	19 
3633	8 
3634	6 
3635	17 
3636	9 
3637	19 
3638	4 
3639	3 
3640	13 
3641	6 
3642	22 
3643	2 
3644	3 
3645	4 
3646	20 
3647	10 
3648	9 
3649	17 
3650	24 
3651	14 
3652	6 
3653	2 
3654	11 
3655	13 
3656	17 
3657	19 
3658	24 
3659	19 
3660	11 
3661	5 
3662	13 
3663	7 
3664	8 
3665	10 
3666	26 
3667	8 
3668	18 
3669	9 
3670	21 
3671	26 
3672	10 
3673	25 
3674	11 
3675	25 
3676	23 
3677	3 
3678	22 
3679	15 
3680	10 
3681	26 
3682	11 
3683	16 
3684	15 
3685	1 
3686	10 
3687	26 
3688	13 
3689	19 
3690	24 
3691	3 
3692	21 
3693	24 
3694	3 
3695	8 
3696	16 
3697	1 
3698	26 
3699	10 
3700	5 
3701	17 
3702	5 
3703	5 
3704	3 
3705	16 
3706	19 
3707	22 
3708	14 
3709	4 
3710	8 
3711	8 
3712	1 
3713	16 
3714	19 
3715	13 
3716	16 
3717	15 
3718	5 
3719	3 
3720	25 
3721	21 
3722	4 
3723	11 
3724	9 
3725	20 
3726	13 
3727	14 
3728	3 
3729	4 
3730	23 
3731	25 
3732	14 
3733	21 
3734	10 
3735	10 
3736	21 
3737	7 
3738	13 
3739	2 
3740	19 
3741	2 
3742	16 
3743	3 
3744	13 
3745	22 
3746	16 
3747	23 
3748	6 
3749	19 
3750	25 
3751	14 
3752	17 
3753	11 
3754	4 
3755	17 
3756	21 
3757	3 
3758	22 
3759	1 
3760	21 
3761	12 
3762	18 
3763	10 
3764	12 
3765	13 
3766	4 
3767	24 
3768	19 
3769	5 
3770	9 
3771	26 
3772	15 
3773	2 
3774	2 
3775	13 
3776	16 
3777	3 
3778	26 
3779	3 
3780	9 
3781	23 
3782	5 
3783	22 
3784	6 
3785	23 
3786	18 
3787	13 
3788	1 
3789	3 
3790	3 
3791	14 
3792	14 
3793	18 
3794	19 
3795	8 
3796	8 
3797	8 
3798	20 
3799	16 
3800	15 
3801	18 
3802	17 
3803	15 
3804	18 
3805	13 
3806	18 
3807	16 
3808	26 
3809	20 
3810	21 
3811	3 
3812	1 
3813	11 
3814	24 
3815	12 
3816	3 
3817	13 
3818	17 
3819	1 
3820	3 
3821	8 
3822	24 
3823	7 
3824	9 
3825	8 
3826	4 
3827	4 
3828	18 
3829	18 
3830	8 
3831	2 
3832	23 
3833	25 
3834	9 
3835	3 
3836	12 
3837	5 
3838	8 
3839	13 
3840	19 
3841	11 
3842	25 
3843	15 
3844	3 
3845	21 
3846	9 
3847	19 
3848	23 
3849	13 
3850	3 
3851	22 
3852	9 
3853	19 
3854	8 
3855	18 
3856	9 
3857	17 
3858	18 
3859	25 
3860	22 
3861	8 
3862	17 
3863	13 
3864	10 
3865	23 
3866	2 
3867	20 
3868	9 
3869	12 
3870	20 
3871	16 
3872	17 
3873	26 
3874	4 
3875	26 
3876	22 
3877	8 
3878	1 
3879	15 
3880	12 
3881	26 
3882	19 
3883	4 
3884	6 
3885	16 
3886	9 
3887	5 
3888	9 
3889	13 
3890	17 
3891	5 
3892	23 
3893	7 
3894	21 
3895	10 
3896	15 
3897	26 
3898	9 
3899	15 
3900	24 
3901	7 
3902	17 
3903	17 
3904	25 
3905	26 
3906	25 
3907	18 
3908	10 
3909	1 
3910	19 
3911	16 
3912	3 
3913	5 
3914	6 
3915	18 
3916	21 
3917	9 
3918	8 
3919	14 
3920	19 
3921	19 
3922	20 
3923	18 
3924	7 
3925	24 
3926	23 
3927	19 
3928	1 
3929	8 
3930	23 
3931	3 
3932	24 
3933	25 
3934	14 
3935	16 
3936	11 
3937	25 
3938	11 
3939	12 
3940	20 
3941	11 
3942	23 
3943	24 
3944	25 
3945	24 
3946	21 
3947	8 
3948	6 
3949	26 
3950	13 
3951	13 
3952	5 
3953	4 
3954	1 
3955	12 
3956	8 
3957	15 
3958	13 
3959	23 
3960	8 
3961	5 
3962	2 
3963	17 
3964	25 
3965	18 
3966	17 
3967	6 
3968	13 
3969	19 
3970	4 
3971	23 
3972	7 
3973	14 
3974	23 
3975	24 
3976	17 
3977	25 
3978	5 
3979	14 
3980	19 
3981	11 
3982	7 
3983	15 
3984	17 
3985	13 
3986	10 
3987	24 
3988	3 
3989	6 
3990	2 
3991	24 
3992	21 
3993	21 
3994	2 
3995	21 
3996	6 
3997	23 
3998	16 
3999	15 
4000	7 
4001	22 
4002	10 
4003	6 
4004	18 
4005	7 
4006	25 
4007	25 
4008	8 
4009	9 
4010	7 
4011	20 
4012	22 
4013	7 
4014	24 
4015	25 
4016	25 
4017	13 
4018	17 
4019	13 
4020	25 
4021	17 
4022	22 
4023	22 
4024	8 
4025	3 
4026	2 
4027	4 
4028	22 
4029	3 
4030	4 
4031	25 
4032	4 
4033	17 
4034	25 
4035	19 
4036	25 
4037	17 
4038	17 
4039	8 
4040	4 
4041	4 
4042	3 
4043	4 
4044	8 
4045	25 
4046	10 
4047	3 
4048	3 
4049	4 
4050	10 
4051	2 
4052	3 
4053	4 
4054	17 
4055	17 
4056	2 
4057	17 
4058	10 
4059	17 
4060	2 
4061	3 
4062	8 
4063	25 
4064	13 
4065	13 
4066	22 
4067	3 
4068	10 
4069	3 
4070	3 
4071	4 
4072	13 
4073	3 
4074	4 
4075	4 
4076	10 
4077	13 
4078	4 
4079	17 
4080	4 
4081	13 
4082	13 
4083	4 
4084	17 
4085	4 
4086	4 
4087	10 
4088	10 
4089	10 
4090	4 
4091	10 
4092	17 
4093	17 
4094	4 
4095	17 
4096	17 
