1	146	2.07697
1	235	0.100009
1	291	2.35441
1	473	3.42302
2	316	0.00066795
2	495	2.80272
2	497	2.8026
2	509	2.44477
3	442	2.40732
3	493	1.05139
3	501	1.76038
3	510	2.78823
4	120	0.0992042
4	362	2.68498
4	416	2.81582
4	462	2.40341
5	420	2.40634
5	493	1.05139
5	501	1.76038
5	510	2.78823
6	469	2.43661
6	492	0.232031
6	499	1.84974
6	512	3.51822
7	238	0.0729386
7	340	2.41285
7	438	1.59877
7	487	3.92829
8	126	3.3541
8	341	1.23135
8	392	2.25921
8	397	2.10944
9	401	2.37894
9	482	0.0339125
9	500	2.30491
9	509	3.26119
10	35	1.29744
10	401	1.05654
10	420	1.88361
10	485	3.71639
11	250	2.42344
11	482	0.161169
11	500	2.24128
11	509	3.19756
12	282	2.38581
12	325	1.36574
12	333	1.91127
12	424	2.32299
13	35	3.21088
13	141	2.38912
13	435	0.165657
13	511	2.31113
14	243	0.0966292
14	265	2.35233
14	438	1.58693
14	487	3.91644
15	351	0.0300952
15	477	2.48849
15	481	3.08142
15	495	2.38919
16	38	2.4
16	426	0.812989
16	459	2.26131
16	472	2.5257
17	380	2.37599
17	460	0.0161934
17	500	2.31376
17	509	3.27005
18	491	1.4019
18	495	2.10304
18	497	2.10292
18	504	2.43654
19	169	0.17036
19	186	0.0185961
19	441	2.09441
19	459	3.31663
20	288	2.4694
20	300	0.226971
20	426	1.96235
20	459	3.41068
21	93	0.277416
21	385	2.40591
21	466	1.9581
21	496	3.36449
22	496	1.19342
22	501	1.21746
22	508	2.44388
22	511	3.15612
23	42	0.0634944
23	229	2.40815
23	406	1.08094
23	473	4.45557
24	427	0.125242
24	458	1.66701
24	469	2.43661
24	502	3.80775
25	327	0.140598
25	348	2.38121
25	501	2.21577
25	510	3.24363
26	212	0.124898
26	440	2.40775
26	484	2.83052
26	488	2.64458
27	327	2.35498
27	340	0.571252
27	455	2.41318
27	461	2.61557
28	233	0.0208174
28	439	2.40434
28	461	3.19566
28	479	2.37315
29	355	0.533676
29	471	2.41029
29	473	2.10892
29	489	2.9574
30	396	0.690573
30	459	2.40885
30	466	2.51728
30	470	2.39215
31	233	1.82759
31	269	2.4312
31	346	0.24429
31	472	3.52812
32	295	0.826324
32	340	1.58878
32	463	1.99788
32	501	3.60212
33	145	1.06738
33	230	2.16065
33	257	2.37197
33	462	2.40341
34	257	2.31882
34	491	1.4019
34	495	2.10304
34	497	2.10292
35	10	1.29744
35	13	3.21088
35	328	1.12353
35	356	2.38912
36	443	2.384
36	449	1.0611
36	475	2.00538
36	487	2.53353
37	324	2.37954
37	486	0.21007
37	500	2.21683
37	509	3.17311
38	16	2.4
38	44	1.35595
38	274	2.15693
38	352	2.08712
39	72	2.4
39	289	0.0654328
39	471	2.59129
39	481	2.94327
40	141	0.795492
40	339	2.23087
40	391	2.57364
40	487	2.40269
41	202	2.46083
41	273	1.15293
41	326	1.19845
41	442	3.24862
42	23	0.0634944
42	77	2.4
42	473	2.34401
42	489	3.19249
43	233	1.22852
43	441	1.44244
43	472	2.92904
43	510	2.41423
44	38	1.35595
44	218	1.75491
44	404	2.48914
44	414	2.40445
45	458	2.39891
45	490	0.803405
45	499	2.35681
45	504	2.43978
46	466	1.43958
46	470	1.31445
46	492	2.40439
46	496	2.84597
47	262	2.39907
47	465	0.885996
47	469	0.976092
47	510	3.73791
48	232	2.7987
48	289	0.148572
48	428	0.065075
48	477	5.45143
49	232	2.75738
49	295	0.107946
49	365	2.30447
49	424	3.29553
50	239	2.65629
50	338	2.94371
50	418	1.59688
50	510	0.833482
51	94	0.429528
51	442	1.07182
51	489	4.09865
51	506	2.39512
52	451	0.0233167
52	488	2.39593
52	500	2.3102
52	509	3.26648
53	349	0.395922
53	415	0.306666
53	437	2.06627
53	485	5.20408
54	238	2.42796
54	458	0.529175
54	494	2.40091
54	502	2.66992
55	320	0.36615
55	377	2.44173
55	459	2.48473
55	472	2.74912
56	315	0.951633
56	323	0.00982834
56	354	2.39342
56	496	4.63854
57	319	2.40095
57	483	0.298972
57	498	1.40514
57	512	3.89589
58	384	0.0851806
58	396	1.14086
58	496	4.37396
58	507	2.40268
59	393	2.36862
59	411	0.969232
59	429	1.42849
59	461	3.20228
60	162	0.447264
60	416	1.16788
60	418	2.41614
60	485	3.98486
61	315	0.486429
61	396	0.940236
61	467	2.39543
61	496	4.17333
62	427	2.39986
62	490	0.803405
62	499	2.35681
62	504	2.43978
63	436	0.536941
63	471	2.35554
63	481	2.70752
63	503	2.41223
64	213	0.511245
64	398	2.38735
64	457	1.53528
64	489	3.55347
65	322	0.00136085
65	501	2.28607
65	510	3.31393
65	511	2.46635
66	445	1.75031
66	447	1.86976
66	451	0.63338
66	484	3.73024
67	271	2.25587
67	430	1.07094
67	449	1.79239
67	475	2.73667
68	459	2.40885
68	506	1.55278
68	507	1.59693
68	511	2.45028
69	187	0.246745
69	238	0.454704
69	475	4.89855
69	477	2.41378
70	125	2.38247
70	167	0.137222
70	465	1.30543
70	510	4.15735
71	384	0.0710183
71	470	1.99873
71	494	2.39785
71	496	3.53025
72	39	2.4
72	491	1.4019
72	495	2.10304
72	497	2.10292
73	123	0.575192
73	225	0.51616
73	365	2.39264
73	485	4.50865
74	247	2.39163
74	329	1.76286
74	341	1.34665
74	399	2.49049
75	255	2.38322
75	377	0.176969
75	430	1.61457
75	487	3.80846
76	220	0.297384
76	350	2.43313
76	425	2.23138
76	445	3.07124
77	42	2.4
77	364	2.89848e-06
77	499	2.75852
77	504	2.84148
78	263	2.39634
78	483	0.0121646
78	505	2.17637
78	512	3.41147
79	417	0.0306064
79	484	2.87767
79	488	2.69173
79	499	2.39604
80	379	1.46831
80	380	2.02739
80	423	2.10429
80	439	2.38444
81	465	0.885996
81	469	0.976092
81	482	2.38981
81	510	3.73791
82	311	2.39845
82	412	1.17009
82	425	1.79502
82	445	2.63489
83	466	1.43958
83	470	1.31445
83	496	2.84597
83	504	2.43654
84	460	0.00163152
84	486	1.31767
84	489	2.38946
84	509	4.2807
85	386	2.42598
85	431	0.113966
85	474	2.03073
85	494	3.4553
86	491	1.4019
86	495	2.10304
86	497	2.10292
86	498	2.40005
87	166	3.3541
87	395	0.322901
87	493	2.28405
87	501	2.99305
88	436	0.617259
88	477	2.1949
88	481	2.78784
88	497	2.39055
89	195	2.34053
89	507	1.53518
89	508	1.67629
89	511	2.38853
90	333	2.70618
90	361	0.517057
90	413	2.89382
90	461	1.8575
91	386	0.339165
91	421	2.6008
91	458	0.069897
91	510	5.26083
92	341	2.41127
92	436	0.734586
92	471	2.55318
92	477	2.31223
93	21	0.277416
93	369	2.42759
93	466	1.9581
93	496	3.36449
94	51	0.429528
94	301	0.827996
94	466	2.39886
94	473	4.34248
95	248	2.39728
95	507	1.53518
95	508	1.67629
95	511	2.38853
96	201	1.00459
96	298	1.70102
96	300	2.89439
96	403	2.40657
97	162	0.0330843
97	362	1.30955
97	386	2.42598
97	485	4.25737
98	472	2.39499
98	491	1.4019
98	495	2.10304
98	497	2.10292
99	207	0.375609
99	426	1.75584
99	467	2.39543
99	472	3.46855
100	124	1.68396
100	180	0.0256106
100	420	3.89043
100	442	2.40732
101	472	2.39499
101	491	1.4019
101	495	2.10304
101	497	2.10292
102	254	2.39141
102	362	0.512381
102	420	1.62742
102	485	3.4602
103	123	0.579147
103	264	0.169273
103	485	4.85158
103	493	2.40516
104	343	3.29328
104	482	0.258929
104	500	2.1924
104	509	3.14868
105	123	2.37371
105	464	0.0126758
105	500	2.31552
105	509	3.2718
106	300	0.0590173
106	459	2.6383
106	470	2.40019
106	472	2.90269
107	215	0.420583
107	436	2.40286
107	499	2.37302
107	505	2.8064
108	206	2.36162
108	491	1.4019
108	495	2.10304
108	497	2.10292
109	145	2.50537
109	227	3.09463
109	228	0.00174514
109	349	2.41633
110	279	0.958895
110	366	2.32154
110	392	2.26256
110	399	2.37855
111	449	1.0611
111	455	2.41309
111	475	2.00538
111	487	2.53353
112	188	0.966348
112	279	2.31715
112	363	1.51038
112	391	3.28285
113	233	2.34984
113	454	0.00913115
113	505	2.17789
113	512	3.41298
114	197	2.26405
114	200	1.22079
114	506	2.24783
114	508	2.43309
114	511	3.14532
115	118	3.3541
115	326	0.0839919
115	444	0.715398
115	484	3.64839
115	488	3.46245
116	145	3.3541
116	294	0.0288458
116	371	0.121955
116	463	2.53609
116	510	5.16819
117	208	0.126337
117	275	0.112423
117	438	3.36529
117	492	3.39602
117	498	4.19146
118	115	3.3541
118	203	0.850138
118	426	1.67909
118	441	1.9052
118	472	3.3918
119	343	4.80672
119	490	0.339788
119	491	2.14398
119	495	2.84512
119	497	2.845
120	4	0.0992042
120	147	0.128781
120	230	3.45095
120	362	2.32522
120	485	5.27303
121	264	0.125727
121	416	1.29978
121	420	2.28398
121	485	4.11675
121	494	3.35195
122	134	1.00777
122	373	2.46018
122	447	0.332965
122	457	4.35829
122	512	3.04588
123	73	0.575192
123	103	0.579147
123	105	2.37371
123	485	6.6719
123	509	0.999595
124	100	1.68396
124	128	0.188578
124	253	0.331784
124	485	5.62191
124	507	3.35679
125	70	2.38247
125	365	2.03504
125	373	0.985102
125	394	2.7651
125	424	3.0261
126	8	3.3541
126	182	0.135367
126	417	0.608624
126	484	3.63409
126	488	3.44815
127	138	2.80257
127	168	2.01015
127	230	3.01351
127	323	0.351864
127	462	3.00778
128	124	0.188578
128	219	2.54951
128	416	3.32673
128	420	4.31093
128	447	0.834009
129	369	1.69933
129	376	1.63078
129	387	3.35795
129	413	2.13602
129	424	2.36011
130	468	0.0685534
130	485	3.36512
130	506	2.50942
130	507	2.55357
130	508	2.69469
131	435	3.45297
131	490	1.55622
131	492	1.49191
131	497	0.00381987
131	512	4.77811
132	302	0.000842765
132	404	3.36488
132	440	0.2706
132	494	3.55626
132	503	3.99938
133	147	0.404774
133	448	2.3364
133	455	2.64372
133	461	2.84611
133	503	2.96567
134	122	1.00777
134	446	1.18911
134	473	2.39044
134	478	3.35441
134	489	3.23892
135	226	3.33515
135	456	0.0190304
135	476	0.430009
135	506	3.23985
135	511	4.13735
136	151	0.025352
136	377	3.42334
136	451	0.151359
136	486	2.35592
136	509	5.31896
137	323	3.35623
137	415	0.104178
137	452	0.0876729
137	502	3.73014
137	503	3.90425
138	127	2.80257
138	190	2.17519
138	230	2.84847
138	480	0.0018155
138	512	3.38176
139	182	3.3541
139	290	0.0402464
139	450	1.41192
139	470	0.000651252
139	498	6.37407
140	373	1.80455
140	385	1.27034
140	447	2.11702
140	479	4.75135
140	500	1.24405
141	13	2.38912
141	40	0.795492
141	223	3.31573
141	339	1.92245
141	399	2.71917
142	146	1.82007
142	255	0.277894
142	362	1.55759
142	470	3.00841
142	496	4.53993
143	212	3.35625
143	259	0.00903974
143	286	0.0120115
143	493	3.03417
143	510	4.77102
144	258	1.75784
144	313	0.637839
144	355	2.73622
144	372	2.99022
144	423	3.07818
145	33	1.06738
145	109	2.50537
145	116	3.3541
145	202	2.07602
145	257	2.17747
146	1	2.07697
146	142	1.82007
146	179	3.00763
146	263	2.74164
146	345	1.52985
147	120	0.128781
147	133	0.404774
147	374	2.9506
147	420	2.93234
147	485	4.76512
148	204	1.62896
148	395	1.03875
148	436	2.01335
148	481	4.18393
148	486	2.3204
149	417	1.66989
149	482	1.68138
149	494	2.37137
149	502	2.64038
149	503	2.81449
150	206	0.44781
150	467	3.34953
150	471	2.42247
150	477	2.18151
150	481	2.77445
151	136	0.025352
151	401	1.42921
151	439	3.31319
151	441	2.5874
151	459	3.80962
152	486	0.952149
152	496	1.67047
152	500	2.95891
152	501	1.69451
152	509	3.91519
153	197	2.14503
153	382	1.2883
153	492	0.946455
153	504	2.64713
153	512	4.23265
154	250	0.00301666
154	498	1.35894
154	502	3.35184
154	505	2.61459
154	512	3.84969
155	296	0.592036
155	403	1.57174
155	457	2.30689
155	479	3.35558
155	491	3.35475
156	347	0.214482
156	377	0.773785
156	477	3.50941
156	481	4.10234
156	509	2.64125
157	158	0.0614219
157	227	0.216962
157	246	0.989522
157	477	6.77529
157	497	3.1217
158	157	0.0614219
158	198	3.36862
158	359	0.0452398
158	471	3.6838
158	481	4.03578
159	245	2.0383
159	389	1.33554
159	490	2.38647
159	492	2.32216
159	498	3.11761
160	430	0.81129
160	449	1.53275
160	468	3.35419
160	475	2.47703
160	487	3.00517
161	262	0.573989
161	268	1.16049
161	370	3.32464
161	479	2.56113
161	489	3.53063
162	60	0.447264
162	97	0.0330843
162	302	3.32532
162	349	1.26887
162	485	6.07702
163	456	0.0151495
163	468	0.639991
163	493	3.35926
163	506	3.56347
163	507	3.60762
164	218	0.308189
164	278	3.08849
164	464	0.247748
164	500	3.31111
164	509	4.26739
165	256	0.000280222
165	273	0.0832488
165	353	3.36279
165	446	2.84659
165	489	4.8964
166	87	3.3541
166	483	0.190333
166	498	1.2965
166	505	2.55215
166	512	3.78725
167	70	0.137222
167	465	1.58329
167	481	3.35548
167	493	2.69836
167	501	3.40736
168	127	2.01015
168	190	1.38278
168	202	2.16593
168	257	2.26738
168	448	3.34861
169	19	0.17036
169	441	1.64902
169	457	3.34592
169	459	2.87123
169	472	3.13562
170	193	2.63786
170	478	0.899184
170	490	0.746749
170	506	3.3709
170	508	3.55616
171	449	3.34444
171	482	0.515935
171	486	0.780171
171	500	2.78693
171	509	3.74321
172	211	3.36832
172	274	1.52358
172	369	1.99048
172	376	1.92193
172	394	2.39025
173	464	1.52988
173	471	1.11997
173	482	3.01606
173	486	3.2803
173	503	2.25665
174	358	3.34316
174	490	0.353641
174	499	1.90705
174	504	1.99002
174	512	3.57553
175	356	0.000535271
175	439	2.31857
175	442	3.36986
175	448	2.60017
175	455	2.90749
176	242	2.02292
176	307	1.32375
176	483	0.739305
176	504	2.75071
176	512	4.33622
177	301	0.119604
177	403	1.72921
177	457	2.46437
177	478	3.35441
177	479	3.51305
178	318	0.491945
178	414	0.00580328
178	428	3.35589
178	484	3.75721
178	488	3.57127
179	146	3.00763
179	248	0.585966
179	479	4.23264
179	503	0.4435
179	509	2.94204
180	100	0.0256106
180	284	0.00170065
180	416	2.49183
180	485	5.3088
180	492	3.36364
181	301	2.24328
181	430	1.08155
181	447	1.4304
181	484	3.29089
181	488	3.10495
182	126	0.135367
182	139	3.3541
182	344	0.246288
182	414	1.76112
182	488	5.68346
183	430	1.3222
183	446	0.616137
183	475	2.98794
183	478	2.74668
183	487	3.51609
184	196	0.0978404
184	490	3.3583
184	494	2.33876
184	502	2.60776
184	503	2.78188
185	264	5.55608
185	357	0.624965
185	436	1.0707
185	471	2.8893
185	481	3.24128
186	19	0.0185961
186	401	1.94399
186	402	1.27487
186	452	3.34725
186	472	4.58878
187	69	0.246745
187	377	0.596315
187	449	2.75537
187	464	3.35852
187	487	4.2278
188	112	0.966348
188	465	2.36963
188	483	1.17866
188	499	3.1071
188	505	3.54048
189	191	0.983166
189	460	0.0184304
189	478	2.36783
189	500	3.42576
189	509	4.38205
190	138	2.17519
190	168	1.38278
190	227	1.88213
190	230	2.38614
190	398	3.34145
191	189	0.983166
191	237	0.537131
191	340	1.95483
191	433	3.43044
191	455	3.79675
191	461	3.99915
192	319	3.24252
192	453	1.16493
192	464	0.0827617
192	482	1.56894
192	500	3.83994
192	509	4.79622
193	170	2.63786
193	393	1.73985
193	400	0.0706886
193	474	2.21863
193	502	3.91221
193	503	4.08632
194	321	2.35065
194	372	2.82472
194	379	2.27671
194	380	2.83579
194	402	3.25493
194	432	1.10348
195	89	2.34053
195	347	0.150494
195	363	2.11281
195	471	3.34211
195	477	3.10116
195	481	3.69409
196	184	0.0978404
196	458	0.965671
196	494	2.83741
196	499	4.40512
196	502	3.10641
196	503	3.28053
197	114	2.26405
197	153	2.14503
197	238	0.0355192
197	438	2.04048
197	475	3.84185
197	487	4.37
198	158	3.36862
198	214	0.529579
198	281	0.826174
198	348	2.04824
198	451	1.03032
198	496	6.88387
199	321	2.39249
199	345	2.07427
199	372	2.86656
199	423	2.95453
199	458	3.8189
199	468	0.589181
200	114	1.22079
200	308	3.11786
200	312	0.329311
200	448	3.04717
200	455	3.35449
200	461	3.55688
201	96	1.00459
201	350	4.12074
201	419	0.320942
201	426	2.44815
201	441	2.67426
201	472	4.16086
202	41	2.46083
202	145	2.07602
202	168	2.16593
202	227	2.66528
202	235	1.90209
202	257	3.38062
203	118	0.850138
203	320	2.01285
203	330	1.91474
203	401	2.52223
203	459	4.90264
203	506	2.48553
204	148	1.62896
204	246	2.48549
204	330	2.67366
204	359	3.49975
204	500	1.86816
204	502	2.53341
205	396	0.6399
205	460	3.78126
205	468	0.846401
205	476	0.960042
205	507	3.81403
205	511	4.66738
206	108	2.36162
206	150	0.44781
206	471	3.24301
206	477	3.00205
206	481	3.59499
206	511	2.07721
207	99	0.375609
207	233	2.09724
207	402	0.483861
207	459	3.53338
207	472	3.79777
207	501	4.41356
208	117	0.126337
208	269	3.12488
208	456	1.32823
208	483	1.54539
208	499	3.47383
208	512	5.14231
209	368	0.000165804
209	375	2.97407
209	476	1.41915
209	499	2.72861
209	505	3.16199
209	512	4.39709
210	405	2.06218
210	444	2.3225
210	490	1.37347
210	492	1.30917
210	504	3.00985
210	512	4.59536
211	172	3.36832
211	430	1.0291
211	467	0.949007
211	476	1.17797
211	506	3.98781
211	508	4.17307
212	26	0.124898
212	143	3.35625
212	312	1.0503
212	350	1.07831
212	484	4.63529
212	488	4.44935
213	64	0.511245
213	388	1.73519
213	413	0.319004
213	446	3.48056
213	479	4.56086
213	491	4.08553
214	198	0.529579
214	337	0.0836094
214	430	3.11465
214	434	1.2899
214	470	4.07157
214	496	5.6031
215	107	0.420583
215	277	3.94232
215	379	0.487324
215	450	1.24998
215	454	1.49992
215	504	7.11737
216	387	0.00501364
216	462	0.000504274
216	467	4.40451
216	493	2.61217
216	501	3.32116
216	510	4.34901
217	261	0.0687947
217	308	3.67037
217	376	0.618449
217	443	0.697956
217	501	4.24663
217	510	5.27448
218	44	1.75491
218	164	0.308189
218	274	2.5559
218	369	3.02279
218	376	2.95425
218	495	4.09009
219	128	2.54951
219	443	1.84358
219	460	0.0055329
219	486	1.77084
219	500	3.7776
219	509	4.73388
220	76	0.297384
220	367	1.51608
220	412	2.12822
220	425	2.75315
220	445	3.59302
220	471	4.41937
221	286	1.79524
221	476	0.847099
221	478	1.18523
221	497	2.59857
221	507	3.70109
221	511	4.55444
222	243	0.0371303
222	336	0.0636503
222	411	4.42911
222	430	2.10915
222	475	3.77489
222	487	4.30304
223	141	3.31573
223	480	0.485402
223	491	2.80332
223	495	3.50446
223	497	3.50435
223	511	1.12311
224	279	4.36328
224	346	0.0197631
224	430	1.64097
224	438	1.50533
224	475	3.3067
224	487	3.83485
225	73	0.51616
225	264	0.0402437
225	357	0.000821198
225	420	3.94934
225	485	5.78211
225	512	4.43754
226	135	3.33515
226	392	1.08889
226	435	0.0485501
226	464	0.58956
226	500	4.34673
226	509	5.30302
227	109	3.09463
227	157	0.216962
227	190	1.88213
227	202	2.66528
227	230	2.55541
227	257	2.76673
227	507	5.3418
228	109	0.00174514
228	254	1.32114
228	367	1.92922
228	412	2.54136
228	425	3.1663
228	445	4.00616
228	511	5.62219
229	23	2.40815
229	445	3.14177
229	451	0.0225987
229	482	1.79477
229	486	2.05901
229	500	4.06576
229	509	5.02204
230	33	2.16065
230	120	3.45095
230	127	3.01351
230	138	2.84847
230	190	2.38614
230	227	2.55541
230	366	2.02667
231	419	3.0539
231	482	2.49146
231	498	1.49805
231	499	2.32032
231	504	2.40329
231	505	2.75371
231	512	3.9888
232	48	2.7987
232	49	2.75738
232	454	0.0109833
232	483	1.24576
232	504	3.25717
232	505	3.60758
232	512	4.84268
233	28	0.0208174
233	31	1.82759
233	43	1.22852
233	113	2.34984
233	207	2.09724
233	459	7.81083
233	483	3.274
234	435	0.017406
234	446	1.01564
234	471	4.55913
234	482	1.79607
234	486	2.06031
234	500	4.06706
234	509	5.02334
235	1	0.100009
235	202	1.90209
235	292	3.68288
235	301	1.20508
235	442	2.5412
235	457	3.54985
235	489	5.56804
236	240	0.162774
236	315	2.03953
236	366	0.715388
236	424	2.81635
236	451	2.71768
236	466	4.32005
236	496	5.72644
237	191	0.537131
237	303	2.20368
237	334	0.727421
237	389	3.38066
237	439	3.4398
237	455	4.02872
237	461	4.23111
238	7	0.0729386
238	54	2.42796
238	69	0.454704
238	197	0.0355192
238	361	3.1085
238	475	5.93644
238	487	6.46458
239	50	2.65629
239	411	1.67089
239	429	2.13015
239	439	3.11263
239	448	3.39423
239	472	4.82211
239	490	0.733159
240	236	0.162774
240	342	1.74953
240	369	3.40137
240	419	1.94718
240	426	0.488016
240	470	4.66135
240	496	6.19288
241	422	0.348566
241	456	0.0422019
241	481	5.2129
241	506	2.94877
241	507	2.99292
241	508	3.13403
241	511	3.84627
242	176	2.02292
242	350	0.761629
242	417	1.29314
242	447	2.45812
242	454	3.52961
242	484	4.31861
242	488	4.13267
243	14	0.0966292
243	222	0.0371303
243	336	0.612394
243	475	5.84494
243	480	1.20556
243	487	6.37309
243	500	4.34349
244	409	3.25335
244	479	1.14241
244	480	0.485402
244	491	2.80332
244	495	3.50446
244	497	3.50435
245	159	2.0383
245	435	0.00635615
245	460	0.732541
245	479	3.51174
245	482	2.91126
245	486	3.1755
245	509	6.13853
246	157	0.989522
246	204	2.48549
246	359	0.00119854
246	414	3.33333
246	477	4.44752
246	481	5.04045
246	482	2.21701
247	74	2.39163
247	370	0.0481042
247	403	3.17102
247	499	2.68281
247	504	2.76578
247	505	3.11619
247	512	4.35129
248	95	2.39728
248	179	0.585966
248	355	2.32774
248	419	3.15827
248	442	2.33871
248	446	3.31574
248	479	4.39604
249	467	0.50721
249	471	2.94721
249	476	0.736172
249	496	2.62556
249	506	3.54601
249	508	3.73128
249	511	4.44351
250	11	2.42344
250	154	0.00301666
250	320	3.11716
250	490	2.68523
250	492	2.62093
250	498	3.41637
250	499	4.23864
251	266	1.40194
251	455	4.1844
251	468	0.0286682
251	506	2.95215
251	507	2.9963
251	508	3.13741
251	511	3.84965
252	285	1.34679
252	400	0.0366904
252	463	4.18844
252	474	1.98541
252	494	3.40998
252	502	3.67899
252	503	3.8531
253	124	0.331784
253	288	4.31882
253	349	0.99318
253	362	2.85352
253	416	2.98436
253	469	1.34326
253	485	5.80134
254	102	2.39141
254	228	1.32114
254	412	3.18444
254	425	3.80937
254	445	4.64924
254	455	3.03684
254	491	0.14156
255	75	2.38322
255	142	0.277894
255	332	0.891756
255	396	3.66014
255	419	2.64754
255	466	5.48685
255	512	3.18538
256	165	0.000280222
256	315	1.98917
256	384	1.15438
256	470	4.14455
256	481	1.46058
256	496	5.67608
256	510	4.11998
257	33	2.37197
257	34	2.31882
257	145	2.17747
257	168	2.26738
257	202	3.38062
257	227	2.76673
257	287	3.30169
258	144	1.75784
258	291	2.62438
258	364	2.37408
258	379	2.78595
258	423	3.42193
258	459	1.26352
258	512	4.31394
259	143	0.00903974
259	383	3.13079
259	402	2.4084
259	428	7.50818e-05
259	463	2.90624
259	501	4.51049
259	510	5.53834
260	283	1.89597
260	435	0.0217581
260	460	1.1663
260	464	1.85883
260	482	3.34501
260	498	3.66086
260	509	6.57229
261	217	0.0687947
261	274	3.40828
261	387	0.0782275
261	434	2.17475
261	493	3.45711
261	501	4.1661
261	510	5.19395
262	47	2.39907
262	161	0.573989
262	308	1.6789
262	326	2.27674
262	359	3.15806
262	406	3.13063
262	446	5.30393
263	78	2.39634
263	146	2.74164
263	385	0.485644
263	406	0.713057
263	473	4.08768
263	489	4.93616
263	507	3.16242
264	103	0.169273
264	121	0.125727
264	185	5.55608
264	225	0.0402437
264	416	2.94259
264	420	3.92679
264	485	5.75956
265	14	2.35233
265	284	1.46638
265	292	1.46638
265	412	2.64723
265	425	3.27217
265	445	4.11203
265	483	3.24217
266	251	1.40194
266	294	0.00468452
266	425	4.13912
266	498	2.49408
266	499	3.31635
266	504	3.39932
266	505	3.74974
267	311	0.0797193
267	314	2.62772
267	438	1.97412
267	449	2.83121
267	457	2.90925
267	475	3.77549
267	487	4.30364
268	161	1.16049
268	273	1.72895
268	328	1.54225
268	385	2.40096
268	405	2.30689
268	439	5.54052
268	442	3.82464
269	31	2.4312
269	208	3.12488
269	453	0.0420446
269	467	1.33395
269	478	1.90104
269	507	4.4169
269	511	5.27025
270	384	0.000138812
270	421	5.82212
270	451	0.0930899
270	460	0.209169
270	482	2.38789
270	500	4.65888
270	509	5.61516
271	67	2.25587
271	398	0.325368
271	421	3.42886
271	474	1.91324
271	494	3.33782
271	502	3.60682
271	503	3.78093
272	287	1.27624
272	382	0.0226876
272	480	1.14797
272	491	3.46589
272	495	4.16703
272	497	4.16691
272	504	4.38081
273	41	1.15293
273	165	0.0832488
273	268	1.72895
273	297	0.783733
273	479	4.51477
273	489	5.48428
273	508	4.75571
274	38	2.15693
274	172	1.52358
274	218	2.5559
274	261	3.40828
274	369	3.14554
274	401	2.12674
274	413	3.58224
275	117	0.112423
275	297	0.0817434
275	454	0.010173
275	472	4.02381
275	502	1.525
275	504	5.58716
275	512	7.17268
276	332	0.00907042
276	345	1.46158
276	479	4.07052
276	492	2.12498
276	498	2.92043
276	499	3.7427
276	505	4.17608
277	215	3.94232
277	322	0.00598874
277	336	1.59965
277	480	1.15383
277	491	3.47175
277	495	4.17289
277	497	4.17277
278	164	3.08849
278	305	2.44857
278	452	0.0365585
278	474	1.98545
278	494	3.41002
278	502	3.67902
278	503	3.85314
279	110	0.958895
279	112	2.31715
279	224	4.36328
279	329	2.80399
279	391	3.07767
279	392	3.41563
279	397	3.26586
279	473	2.42886
280	303	0.0224901
280	418	3.38694
280	431	1.30287
280	432	0.914475
280	458	3.05542
280	502	5.19616
280	503	5.37027
280	510	3.42627
281	198	0.826174
281	331	0.299437
281	338	3.26406
281	396	2.66659
281	419	1.654
281	431	3.45837
281	466	4.4933
281	496	5.89969
282	12	2.38581
282	330	0.29285
282	347	1.02868
282	351	1.90287
282	382	2.74796
282	471	6.13141
282	473	1.68101
282	481	6.48339
283	260	1.89597
283	304	1.33552
283	389	0.899619
283	390	4.89125
283	400	0.216681
283	440	2.03464
283	502	5.58931
283	503	5.76342
284	180	0.00170065
284	265	1.46638
284	367	2.61167
284	412	3.2238
284	425	3.84874
284	445	4.6886
284	477	1.97479
284	510	4.85706
285	252	1.34679
285	299	0.407501
285	355	0.729955
285	383	1.36986
285	408	1.84983
285	483	4.76607
285	484	6.19897
285	488	6.01303
286	143	0.0120115
286	221	1.79524
286	371	0.0253257
286	386	0.0154855
286	463	4.428
286	469	4.29828
286	487	4.99568
286	510	7.0601
287	257	3.30169
287	272	1.27624
287	356	2.16777
287	467	0.511414
287	506	3.55022
287	507	3.59437
287	508	3.73548
287	511	4.44771
288	20	2.4694
288	253	4.31882
288	386	0.021532
288	395	0.0024285
288	462	2.07316
288	465	3.60002
288	469	3.69012
288	510	6.45194
289	39	0.0654328
289	48	0.148572
289	290	2.36873
289	371	1.57848
289	440	2.85176
289	471	5.17139
289	477	4.93043
289	481	5.52337
290	139	0.0402464
290	289	2.36873
290	353	4.42504
290	450	0.0575062
290	483	1.94282
290	504	3.95423
290	505	4.30464
290	512	5.53974
291	1	2.35441
291	258	2.62438
291	345	3.06446
291	364	2.89688
291	367	0.00153645
291	379	3.30875
291	423	3.94472
291	511	4.50761
292	235	3.68288
292	265	1.46638
292	352	2.60501
292	367	2.61167
292	372	0.462788
292	412	3.2238
292	425	3.84874
292	445	4.6886
293	331	0.0343132
293	350	2.93297
293	428	0.239801
293	469	2.51966
293	493	3.54463
293	501	4.25362
293	504	3.92038
293	510	5.28148
294	116	0.0288458
294	266	0.00468452
294	343	0.117471
294	483	2.4495
294	488	6.75531
294	492	2.76022
294	504	4.4609
294	512	6.04642
295	32	0.826324
295	49	0.107946
295	395	5.85587
295	435	0.00868792
295	464	1.40236
295	486	3.15278
295	500	5.15954
295	509	6.11582
296	155	0.592036
296	328	1.56453
296	363	2.96195
296	389	0.0161448
296	442	3.84692
296	453	0.000141626
296	489	6.87376
296	511	6.8748
297	273	0.783733
297	275	0.0817434
297	313	0.042073
297	355	6.02066
297	490	2.84027
297	498	3.57141
297	504	4.47664
297	505	4.82706
298	96	1.70102
298	402	1.54339
298	426	3.14458
298	447	0.575183
298	454	0.000608233
298	459	4.59291
298	472	4.85729
298	511	6.2795
299	285	0.407501
299	383	0.21893
299	444	2.11505
299	447	3.18756
299	484	5.04805
299	488	4.86211
299	489	2.6256
299	498	4.15214
300	20	0.226971
300	96	2.89439
300	106	0.0590173
300	346	2.04409
300	441	4.56406
300	472	6.05067
300	492	3.1253
300	501	3.67178
301	94	0.827996
301	177	0.119604
301	181	2.24328
301	235	1.20508
301	303	4.56206
301	442	3.21701
301	457	4.22565
301	489	6.24385
302	132	0.000842765
302	162	3.32532
302	418	0.259223
302	428	0.931555
302	463	4.99932
302	465	4.7795
302	469	4.8696
302	509	3.51004
303	237	2.20368
303	280	0.0224901
303	301	4.56206
303	358	0.00619722
303	480	1.87227
303	491	4.1902
303	495	4.89134
303	497	4.89122
304	283	1.33552
304	405	0.00206686
304	431	1.26486
304	458	3.01741
304	478	1.90831
304	494	4.88914
304	503	5.33226
304	512	4.89866
305	278	2.44857
305	468	0.427763
305	478	0.879535
305	503	4.35188
305	506	3.35125
305	507	3.3954
305	508	3.53651
305	511	4.24874
306	437	0.260017
306	470	3.33072
306	483	1.52826
306	492	1.83898
306	499	3.4567
306	505	3.89008
306	508	3.17827
306	512	5.12518
307	176	1.32375
307	459	5.47333
307	462	0.350653
307	463	2.09733
307	469	1.96761
307	493	2.99259
307	501	3.70158
307	510	4.72943
308	200	3.11786
308	217	3.67037
308	262	1.6789
308	326	0.0840704
308	403	2.17862
308	446	2.88216
308	473	4.08349
308	489	4.93196
309	444	7.51402e-05
309	454	0.048248
309	460	2.66902
309	481	4.1327
309	483	1.9552
309	504	3.9666
309	505	4.31702
309	512	5.55212
310	406	0.558907
310	418	0.0228564
310	443	0.928202
310	463	2.87262
310	469	2.7429
310	472	6.21959
310	493	3.76788
310	510	5.50473
311	82	2.39845
311	267	0.0797193
311	323	4.3919
311	342	0.01604
311	377	2.16273
311	438	3.4647
311	449	4.32179
311	487	5.79422
312	200	0.329311
312	212	1.0503
312	334	0.961864
312	411	2.23251
312	429	2.69176
312	448	3.95584
312	455	4.26316
312	461	4.46555
312	487	7.05239
313	144	0.637839
313	297	0.042073
313	436	7.46502
313	450	0.0334142
313	490	2.5898
313	492	2.5255
313	498	3.32094
313	505	4.57659
313	512	5.81169
314	267	2.62772
314	327	0.001394
314	360	0.0879175
314	438	5.49299
314	467	2.29854
314	468	2.41386
314	476	2.5275
314	506	5.33734
314	511	6.23484
315	56	0.951633
315	61	0.486429
315	236	2.03953
315	256	1.98917
315	348	3.43485
315	358	3.01648
315	366	3.25943
315	445	5.06642
315	470	6.73896
316	2	0.00066795
316	371	2.9285
316	390	0.023903
316	451	0.804601
316	464	2.53036
316	482	4.01654
316	486	4.28078
316	492	5.18401
316	509	7.24382
317	334	2.01455
317	475	1.51543
317	483	1.65772
317	492	1.96845
317	498	2.76389
317	499	3.58616
317	504	3.66913
317	506	4.54694
317	512	5.25464
318	178	0.491945
318	408	1.19819
318	436	2.0185
318	444	2.61433
318	447	3.68683
318	458	3.63246
318	484	5.54732
318	488	5.36138
318	508	2.44774
319	57	2.40095
319	192	3.24252
319	388	2.45509
319	453	0.316965
319	456	0.391605
319	467	2.61599
319	478	3.18308
319	508	5.84006
319	511	6.55229
320	55	0.36615
320	203	2.01285
320	250	3.11716
320	346	2.61499
320	349	1.53236
320	401	3.97678
320	402	3.30766
320	472	6.62157
320	503	3.46991
321	194	2.35065
321	199	2.39249
321	345	3.29997
321	364	3.13239
321	379	3.54426
321	409	1.74409
321	423	4.18024
321	440	4.10925
321	461	2.2413
322	65	0.00136085
322	277	0.00598874
322	353	1.699
322	382	0.00120392
322	477	6.44399
322	480	2.63579
322	491	4.95372
322	495	5.65485
322	497	5.65474
323	56	0.00982834
323	127	0.351864
323	137	3.35623
323	311	4.3919
323	348	1.94429
323	384	2.25822
323	419	2.53422
323	466	5.37353
323	496	6.77992
324	37	2.37954
324	340	1.9926
324	412	4.42854
324	429	2.26313
324	438	1.32662
324	439	3.24561
324	448	3.52721
324	455	3.83453
324	461	4.03692
325	12	1.36574
325	333	3.56503
325	352	2.77927
325	404	3.46055
325	413	3.75266
325	424	3.97675
325	432	0.00824327
325	439	2.8447
325	478	5.22171
326	41	1.19845
326	115	0.0839919
326	262	2.27674
326	308	0.0840704
326	363	1.618
326	457	3.51161
326	465	7.99788
326	473	4.68133
326	489	5.5298
327	25	0.140598
327	27	2.35498
327	314	0.001394
327	462	1.55123
327	463	3.29791
327	465	3.07809
327	501	4.90216
327	510	5.93001
327	511	5.8184
328	35	1.12353
328	268	1.54225
328	296	1.56453
328	363	1.38577
328	388	1.5024
328	425	6.96145
328	457	3.27939
328	479	4.32807
328	489	5.29758
329	74	1.76286
329	279	2.80399
329	341	3.0798
329	356	3.07183
329	397	3.95789
329	399	4.22364
329	453	2.48186
329	466	1.88935
329	498	3.72512
330	203	1.91474
330	204	2.67366
330	282	0.29285
330	351	0.648095
330	357	0.544461
330	471	4.87664
330	477	4.63568
330	481	5.22862
330	487	6.18795
331	281	0.299437
331	293	0.0343132
331	332	0.355648
331	402	4.7974
331	419	2.11144
331	450	3.22441
331	466	4.95074
331	470	4.82561
331	496	6.35713
332	255	0.891756
332	276	0.00907042
332	331	0.355648
332	396	2.7228
332	466	4.54951
332	470	4.42438
332	496	5.9559
332	501	2.09559
332	509	6.0284
333	12	1.91127
333	90	2.70618
333	325	3.56503
333	352	3.3248
333	365	3.53122
333	369	3.8615
333	441	2.60587
333	471	4.21813
333	499	1.29385
334	237	0.727421
334	312	0.961864
334	317	2.01455
334	411	1.95639
334	439	3.39813
334	441	6.09697
334	448	3.67972
334	455	3.98704
334	461	4.18944
335	375	0.000920924
335	390	1.59437
335	422	0.000327665
335	474	1.43672
335	480	2.63898
335	486	5.06483
335	491	4.9569
335	495	5.65804
335	497	5.65793
336	222	0.0636503
336	243	0.612394
336	277	1.59965
336	377	2.0444
336	430	3.482
336	438	3.34637
336	449	4.20345
336	475	5.14774
336	512	6.51287
337	214	0.0836094
337	366	0.98864
337	396	2.76659
337	423	1.75452
337	455	4.26253
337	456	2.12928
337	466	4.5933
337	470	4.46817
337	496	5.99969
338	50	2.94371
338	281	3.26406
338	342	3.07635
338	411	1.95832
338	426	1.81484
338	429	2.41757
338	439	3.40006
338	455	3.98897
338	461	4.19137
339	40	2.23087
339	141	1.92245
339	356	3.00274
339	391	3.7006
339	397	3.88879
339	399	4.15455
339	441	0.896483
339	493	0.172395
339	511	7.07755
340	7	2.41285
340	27	0.571252
340	32	1.58878
340	191	1.95483
340	324	1.9926
340	424	4.08647
340	429	3.87502
340	439	4.8575
340	461	5.64881
341	8	1.23135
341	74	1.34665
341	92	2.41127
341	329	3.0798
341	356	2.65562
341	391	3.35348
341	392	3.69144
341	397	3.54167
341	474	5.67945
342	240	1.74953
342	311	0.01604
342	338	3.07635
342	384	3.23602
342	430	2.8877
342	438	2.75207
342	449	3.60916
342	475	4.55344
342	487	5.08159
343	104	3.29328
343	119	4.80672
343	294	0.117471
343	490	1.60882
343	498	2.33996
343	499	3.16223
343	504	3.2452
343	505	3.59561
343	512	4.83071
344	182	0.246288
344	350	1.65942
344	414	1.10812
344	421	3.86318
344	444	2.28341
344	447	3.35591
344	483	4.4039
344	484	5.2164
344	488	5.03046
345	146	1.52985
345	199	2.07427
345	276	1.46158
345	291	3.06446
345	321	3.29997
345	364	2.81417
345	380	3.78511
345	423	3.86201
345	502	5.10631
346	31	0.24429
346	224	0.0197631
346	300	2.04409
346	320	2.61499
346	401	3.12438
346	426	4.05646
346	441	4.28257
346	472	5.76917
346	504	4.12722
346	511	5.43018
347	156	0.214482
347	195	0.150494
347	282	1.02868
347	417	2.10363
347	436	3.79387
347	462	2.36174
347	471	5.61247
347	477	5.37151
347	481	5.96444
347	496	5.03863
348	25	2.38121
348	198	2.04824
348	315	3.43485
348	323	1.94429
348	366	2.1107
348	384	2.60006
348	419	2.87606
348	485	0.491319
348	496	7.12175
348	509	6.64452
349	53	0.395922
349	109	2.41633
349	162	1.26887
349	253	0.99318
349	320	1.53236
349	362	3.82107
349	394	5.54246
349	416	3.95191
349	420	4.93611
349	485	6.76889
350	76	2.43313
350	201	4.12074
350	212	1.07831
350	242	0.761629
350	293	2.93297
350	344	1.65942
350	408	2.9334
350	417	4.25706
350	444	4.34954
350	488	7.09659
351	15	0.0300952
351	282	1.90287
351	330	0.648095
351	357	2.15448
351	433	0.0140798
351	436	4.66806
351	441	3.79552
351	469	5.7485
351	471	6.48665
351	477	6.2457
352	38	2.08712
352	292	2.60501
352	325	2.77927
352	333	3.3248
352	394	3.47551
352	404	3.22031
352	413	3.51243
352	424	3.73652
352	436	3.3328
352	498	3.55193
353	165	3.36279
353	290	4.42504
353	322	1.699
353	387	0.284074
353	443	1.76148
353	462	1.95923
353	463	3.70591
353	465	3.48609
353	493	4.60116
353	510	6.33801
354	56	2.39342
354	358	0.00579523
354	375	0.000419241
354	422	0.00154839
354	480	3.44496
354	484	2.54508
354	486	4.5642
354	491	5.76288
354	495	6.46402
354	497	6.4639
355	29	0.533676
355	144	2.73622
355	248	2.32774
355	285	0.729955
355	297	6.02066
355	385	3.11848
355	388	3.77382
355	403	4.81565
355	405	3.02442
355	442	4.54216
356	35	2.38912
356	175	0.000535271
356	287	2.16777
356	329	3.07183
356	339	3.00274
356	341	2.65562
356	392	3.68347
356	397	3.53371
356	399	3.79946
356	510	7.37528
357	185	0.624965
357	225	0.000821198
357	330	0.544461
357	351	2.15448
357	359	1.37055
357	383	2.21564
357	436	4.56442
357	455	7.29426
357	477	6.14207
357	481	6.735
358	174	3.34316
358	303	0.00619722
358	315	3.01648
358	354	0.00579523
358	422	0.000447921
358	480	3.44326
358	484	3.14771
358	491	5.76118
358	495	6.46232
358	497	6.4622
359	158	0.0452398
359	204	3.49975
359	246	0.00119854
359	262	3.15806
359	357	1.37055
359	413	1.79219
359	416	4.53446
359	471	5.70273
359	477	5.46177
359	481	6.05471
360	314	0.0879175
360	416	0.178583
360	437	0.0831768
360	440	1.93838
360	467	2.23972
360	478	2.80681
360	506	5.27852
360	508	5.46378
360	509	7.3999
360	511	6.17602
361	90	0.517057
361	238	3.1085
361	433	0.0843987
361	476	1.55786
361	477	5.87505
361	478	1.89599
361	506	4.3677
361	507	4.41185
361	508	4.55296
361	511	5.2652
362	4	2.68498
362	97	1.30955
362	102	0.512381
362	120	2.32522
362	142	1.55759
362	253	2.85352
362	349	3.82107
362	370	1.06698
362	485	8.62923
362	486	6.83595
363	112	1.51038
363	195	2.11281
363	296	2.96195
363	326	1.618
363	328	1.38577
363	373	2.7787
363	388	2.89982
363	446	4.64519
363	450	5.83811
363	473	5.84652
364	77	2.89848e-06
364	258	2.37408
364	291	2.89688
364	321	3.13239
364	345	2.81417
364	372	3.60646
364	380	3.61753
364	423	3.69443
364	484	4.62918
364	505	4.85828
365	49	2.30447
365	73	2.39264
365	125	2.03504
365	333	3.53122
365	376	3.21362
365	394	3.68193
365	404	3.42673
365	424	3.94294
365	477	4.31036
365	494	2.79546
366	110	2.32154
366	230	2.02667
366	236	0.715388
366	315	3.25943
366	337	0.98864
366	348	2.1107
366	419	2.70064
366	435	5.18566
366	470	5.41481
366	496	6.94633
367	220	1.51608
367	228	1.92922
367	284	2.61167
367	291	0.00153645
367	292	2.61167
367	369	5.1159
367	412	3.79252
367	425	4.41746
367	445	5.25732
367	496	4.4239
368	209	0.000165804
368	432	0.00767312
368	450	0.0380161
368	481	6.61697
368	489	2.85302
368	490	3.24445
368	492	3.18015
368	498	3.97559
368	505	5.23124
368	512	6.46634
369	93	2.42759
369	129	1.69933
369	172	1.99048
369	218	3.02279
369	240	3.40137
369	274	3.14554
369	333	3.8615
369	367	5.1159
369	394	4.01221
369	404	3.75702
369	413	4.04914
370	161	3.32464
370	247	0.0481042
370	362	1.06698
370	454	0.0589906
370	469	6.58986
370	490	3.00033
370	492	2.93603
370	498	3.73147
370	499	4.55374
370	505	4.98712
370	512	6.22222
371	116	0.121955
371	286	0.0253257
371	289	1.57848
371	316	2.9285
371	462	2.4179
371	463	4.16457
371	465	3.94476
371	468	6.43797
371	469	4.03485
371	493	5.05983
371	501	5.76882
372	144	2.99022
372	194	2.82472
372	199	2.86656
372	292	0.462788
372	364	3.60646
372	379	4.01833
372	380	4.57741
372	423	4.65431
372	457	0.000268554
372	510	4.4945
372	511	6.05803
373	122	2.46018
373	125	0.985102
373	140	1.80455
373	363	2.7787
373	403	3.93716
373	405	2.14592
373	409	4.39192
373	425	4.29714
373	449	1.23874
373	479	5.721
373	489	6.6905
374	147	2.9506
374	398	0.32761
374	427	0.671166
374	432	1.17667
374	458	3.31761
374	474	3.76478
374	494	5.18935
374	499	3.37218
374	502	5.45835
374	503	5.63247
374	508	4.61505
375	209	2.97407
375	335	0.000920924
375	354	0.000419241
375	382	0.00475176
375	407	2.22638
375	420	5.74742
375	422	0.00097306
375	480	4.2971
375	491	6.61502
375	495	7.31616
375	497	7.31605
376	129	1.63078
376	172	1.92193
376	217	0.618449
376	218	2.95425
376	365	3.21362
376	394	3.94367
376	404	3.68848
376	413	3.98059
376	424	4.20468
376	469	3.73721
376	504	6.66235
377	55	2.44173
377	75	0.176969
377	136	3.42334
377	156	0.773785
377	187	0.596315
377	311	2.16273
377	336	2.0444
377	380	4.282
377	438	5.47557
377	475	7.27694
377	487	7.80509
378	429	2.9355
378	435	0.0159284
378	451	0.593262
378	454	4.12807
378	460	1.62649
378	464	2.31902
378	474	3.86517
378	482	3.8052
378	486	4.06944
378	500	6.0762
378	509	7.03248
379	80	1.46831
379	194	2.27671
379	215	0.487324
379	258	2.78595
379	291	3.30875
379	321	3.54426
379	372	4.01833
379	380	4.0294
379	423	4.1063
379	449	1.76333
379	507	8.68723
380	17	2.37599
380	80	2.02739
380	194	2.83579
380	345	3.78511
380	364	3.61753
380	372	4.57741
380	377	4.282
380	379	4.0294
380	423	4.66538
380	459	1.35674
380	477	2.95277
381	393	0.0792062
381	412	1.48017
381	453	0.138573
381	468	2.00794
381	478	2.45971
381	483	4.37177
381	504	5.1914
381	506	4.93142
381	507	4.97557
381	508	5.11668
381	511	5.82892
382	153	1.2883
382	272	0.0226876
382	282	2.74796
382	322	0.00120392
382	375	0.00475176
382	422	0.000115857
382	480	4.29324
382	489	6.89807
382	491	6.61116
382	495	7.3123
382	497	7.31218
383	259	3.13079
383	285	1.36986
383	299	0.21893
383	357	2.21564
383	414	1.90212
383	417	2.98493
383	444	3.07741
383	447	4.14991
383	484	6.0104
383	488	5.82446
383	499	5.59448
384	58	0.0851806
384	71	0.0710183
384	256	1.15438
384	270	0.000138812
384	323	2.25822
384	342	3.23602
384	348	2.60006
384	466	6.0293
384	470	5.90417
384	496	7.43569
384	504	7.78335
385	21	2.40591
385	140	1.27034
385	263	0.485644
385	268	2.40096
385	355	3.11848
385	405	1.61171
385	452	2.10803
385	473	5.30781
385	479	5.18678
385	489	6.15629
385	508	6.421
386	85	2.42598
386	91	0.339165
386	97	2.42598
386	286	0.0154855
386	288	0.021532
386	387	1.31254
386	437	6.07657
386	465	4.51456
386	493	5.62963
386	501	6.33862
386	510	7.36648
387	129	3.35795
387	216	0.00501364
387	261	0.0782275
387	353	0.284074
387	386	1.31254
387	395	1.44911
387	469	5.97108
387	480	3.79952
387	488	3.78154
387	501	7.70505
387	510	8.7329
388	213	1.73519
388	319	2.45509
388	328	1.5024
388	355	3.77382
388	363	2.89982
388	406	2.58852
388	445	0.926843
388	457	4.79343
388	460	4.61038
388	473	5.96315
388	479	5.84212
388	486	4.48235
389	159	1.33554
389	237	3.38066
389	283	0.899619
389	296	0.0161448
389	398	1.90196
389	427	2.24552
389	432	2.75102
389	434	2.16479
389	474	5.33913
389	494	6.7637
389	502	7.03271
389	508	7.73536
390	283	4.89125
390	316	0.023903
390	335	1.59437
390	435	0.345708
390	451	1.05137
390	460	2.08459
390	464	2.77713
390	482	4.26331
390	486	4.52755
390	491	5.9858
390	500	6.53431
390	509	7.49059
391	40	2.57364
391	112	3.28285
391	279	3.07767
391	339	3.7006
391	341	3.35348
391	392	4.38133
391	397	4.23157
391	399	4.49732
391	400	0.0172515
391	404	0.880009
391	434	1.9633
391	504	9.6796
392	8	2.25921
392	110	2.26256
392	226	1.08889
392	279	3.41563
392	341	3.69144
392	356	3.68347
392	391	4.38133
392	397	4.56953
392	399	4.83528
392	415	1.58601
392	457	7.79967
392	465	1.95916
393	59	2.36862
393	193	1.73985
393	381	0.0792062
393	411	2.15001
393	456	0.325068
393	467	2.54946
393	468	2.66478
393	469	6.26892
393	506	5.58826
393	507	5.63241
393	508	5.77352
393	511	6.48576
394	125	2.7651
394	172	2.39025
394	349	5.54246
394	352	3.47551
394	365	3.68193
394	369	4.01221
394	376	3.94367
394	404	4.15679
394	424	4.67299
394	475	0.289491
394	476	1.66574
394	494	4.95144
395	87	0.322901
395	148	1.03875
395	288	0.0024285
395	295	5.85587
395	387	1.44911
395	410	0.00192114
395	443	2.92652
395	465	4.65113
395	488	5.57207
395	493	5.7662
395	501	6.47519
395	510	7.50305
396	30	0.690573
396	58	1.14086
396	61	0.940236
396	205	0.6399
396	255	3.66014
396	281	2.66659
396	332	2.7228
396	337	2.76659
396	406	4.49969
396	466	7.31789
396	470	7.19276
396	508	7.32338
397	8	2.10944
397	279	3.26586
397	329	3.95789
397	339	3.88879
397	341	3.54167
397	356	3.53371
397	391	4.23157
397	392	4.56953
397	436	3.98082
397	450	0.00137394
397	460	4.97367
397	491	3.52961
398	64	2.38735
398	190	3.34145
398	271	0.325368
398	374	0.32761
398	389	1.90196
398	407	0.877276
398	440	3.03699
398	452	2.94919
398	460	6.74889
398	494	6.32265
398	502	6.59165
398	503	6.76577
399	74	2.49049
399	110	2.37855
399	141	2.71917
399	329	4.22364
399	339	4.15455
399	356	3.79946
399	391	4.49732
399	392	4.83528
399	416	2.71381
399	448	1.49945
399	493	3.96356
399	500	4.29143
400	193	0.0706886
400	252	0.0366904
400	283	0.216681
400	391	0.0172515
400	431	2.45648
400	452	2.7073
400	472	7.83885
400	474	4.65619
400	482	4.59947
400	494	6.08076
400	502	6.34977
400	503	6.52388
401	9	2.37894
401	10	1.05654
401	151	1.42921
401	186	1.94399
401	203	2.52223
401	274	2.12674
401	320	3.97678
401	346	3.12438
401	402	3.81705
401	426	5.41825
401	459	6.86657
401	512	6.92107
402	186	1.27487
402	194	3.25493
402	207	0.483861
402	259	2.4084
402	298	1.54339
402	320	3.30766
402	331	4.7974
402	401	3.81705
402	426	4.74913
402	441	4.97524
402	459	6.19746
402	464	3.60533
402	472	6.46185
403	96	2.40657
403	155	1.57174
403	177	1.72921
403	247	3.17102
403	308	2.17862
403	355	4.81565
403	373	3.93716
403	405	3.30887
403	406	3.63035
403	446	5.80365
403	457	5.83526
403	500	4.75106
403	505	3.72369
404	44	2.48914
404	132	3.36488
404	325	3.46055
404	352	3.22031
404	365	3.42673
404	369	3.75702
404	376	3.68848
404	391	0.880009
404	394	4.15679
404	413	4.19371
404	424	4.4178
404	445	2.92886
404	492	6.88612
405	210	2.06218
405	268	2.30689
405	304	0.00206686
405	355	3.02442
405	373	2.14592
405	385	1.61171
405	403	3.30887
405	423	5.09353
405	457	4.04403
405	473	5.21374
405	479	5.09271
405	489	6.06222
405	496	6.94647
406	23	1.08094
406	262	3.13063
406	263	0.713057
406	310	0.558907
406	388	2.58852
406	396	4.49969
406	403	3.63035
406	422	3.18577
406	446	4.33389
406	473	5.53522
406	479	5.41419
406	489	6.3837
406	490	5.82549
407	375	2.22638
407	398	0.877276
407	415	0.841164
407	418	8.315
407	431	2.11474
407	432	1.72634
407	434	1.1401
407	456	3.54924
407	458	3.86728
407	474	4.31445
407	494	5.73902
407	502	6.00802
407	503	6.18213
408	285	1.84983
408	318	1.19819
408	350	2.9334
408	414	2.3821
408	417	3.46491
408	444	3.55739
408	447	4.62989
408	461	3.13481
408	480	1.68265
408	484	6.49038
408	488	6.30444
408	494	5.43717
408	505	3.79321
409	244	3.25335
409	321	1.74409
409	373	4.39192
409	420	4.67863
409	433	0.00842199
409	453	0.314425
409	468	2.72877
409	476	2.84242
409	478	3.18055
409	506	5.65226
409	507	5.69641
409	508	5.83752
409	511	6.54975
410	395	0.00192114
410	418	0.0707295
410	425	2.03071
410	443	2.70446
410	458	5.82027
410	462	2.9022
410	463	4.64888
410	465	4.42906
410	469	4.51916
410	489	2.89889
410	501	6.25313
410	505	3.2811
410	510	7.28098
411	59	0.969232
411	222	4.42911
411	239	1.67089
411	312	2.23251
411	334	1.95639
411	338	1.95832
411	393	2.15001
411	429	3.68629
411	439	4.66877
411	448	4.95037
411	455	5.25769
411	461	5.46008
411	500	7.47728
412	82	1.17009
412	220	2.12822
412	228	2.54136
412	254	3.18444
412	265	2.64723
412	284	3.2238
412	292	3.2238
412	324	4.42854
412	367	3.79252
412	381	1.48017
412	425	5.0296
412	445	5.86946
412	476	8.14097
413	90	2.89382
413	129	2.13602
413	213	0.319004
413	274	3.58224
413	325	3.75266
413	352	3.51243
413	359	1.79219
413	369	4.04914
413	376	3.98059
413	404	4.19371
413	424	4.70991
413	487	3.4527
413	512	8.51297
414	44	2.40445
414	178	0.00580328
414	182	1.76112
414	246	3.33333
414	344	1.10812
414	383	1.90212
414	408	2.3821
414	417	3.70576
414	444	3.79824
414	447	4.87074
414	484	6.73123
414	488	6.54529
414	497	8.31441
415	53	0.306666
415	137	0.104178
415	392	1.58601
415	407	0.841164
415	427	1.76835
415	431	2.66226
415	440	3.00087
415	474	4.86196
415	494	6.28653
415	502	6.55554
415	503	6.72965
415	508	3.74672
415	510	8.43341
416	4	2.81582
416	60	1.16788
416	121	1.29978
416	128	3.32673
416	180	2.49183
416	253	2.98436
416	264	2.94259
416	349	3.95191
416	359	4.53446
416	360	0.178583
416	399	2.71381
416	420	6.92729
416	485	8.76007
416	494	8.28595
417	79	0.0306064
417	126	0.608624
417	149	1.66989
417	242	1.29314
417	347	2.10363
417	350	4.25706
417	383	2.98493
417	408	3.46491
417	414	3.70576
417	444	4.88105
417	476	5.3297
417	484	7.81405
417	488	7.62811
417	489	6.58924
418	50	1.59688
418	60	2.41614
418	280	3.38694
418	302	0.259223
418	310	0.0228564
418	407	8.315
418	410	0.0707295
418	443	2.83812
418	463	4.78254
418	465	4.56273
418	469	4.65282
418	493	5.6778
418	501	6.38679
418	510	7.41464
419	201	0.320942
419	231	3.0539
419	240	1.94718
419	248	3.15827
419	255	2.64754
419	281	1.654
419	323	2.53422
419	331	2.11144
419	348	2.87606
419	366	2.70064
419	426	9.1996
419	466	6.3053
419	470	6.18017
419	496	7.71169
420	5	2.40634
420	10	1.88361
420	100	3.89043
420	102	1.62742
420	121	2.28398
420	128	4.31093
420	147	2.93234
420	225	3.94934
420	264	3.92679
420	349	4.93611
420	375	5.74742
420	409	4.67863
420	416	6.92729
420	452	2.87572
421	91	2.6008
421	270	5.82212
421	271	3.42886
421	344	3.86318
421	433	0.0395513
421	437	0.0254389
421	467	2.80122
421	468	2.91654
421	476	3.03018
421	478	3.36831
421	506	5.84002
421	507	5.88417
421	508	6.02529
421	511	6.73752
422	241	0.348566
422	335	0.000327665
422	354	0.00154839
422	358	0.000447921
422	375	0.00097306
422	382	0.000115857
422	406	3.18577
422	429	1.88725
422	476	3.01326
422	480	7.08185
422	491	9.39977
422	495	10.1009
422	497	10.1008
422	507	7.27011
423	80	2.10429
423	144	3.07818
423	199	2.95453
423	258	3.42193
423	291	3.94472
423	321	4.18024
423	337	1.75452
423	345	3.86201
423	364	3.69443
423	372	4.65431
423	379	4.1063
423	380	4.66538
423	405	5.09353
423	437	6.48971
423	450	4.0488
424	12	2.32299
424	49	3.29553
424	125	3.0261
424	129	2.36011
424	236	2.81635
424	325	3.97675
424	340	4.08647
424	352	3.73652
424	365	3.94294
424	376	4.20468
424	394	4.67299
424	404	4.4178
424	413	4.70991
424	440	5.61804
424	485	4.92635
425	76	2.23138
425	82	1.79502
425	220	2.75315
425	228	3.1663
425	254	3.80937
425	265	3.27217
425	266	4.13912
425	284	3.84874
425	292	3.84874
425	328	6.96145
425	367	4.41746
425	373	4.29714
425	410	2.03071
425	412	5.0296
425	445	6.4944
426	16	0.812989
426	20	1.96235
426	99	1.75584
426	118	1.67909
426	201	2.44815
426	240	0.488016
426	298	3.14458
426	338	1.81484
426	346	4.05646
426	401	5.41825
426	402	4.74913
426	419	9.1996
426	441	6.57644
426	448	5.92049
426	472	8.06304
427	24	0.125242
427	62	2.39986
427	374	0.671166
427	389	2.24552
427	415	1.76835
427	431	3.04192
427	434	2.06729
427	458	4.79447
427	474	5.24163
427	487	3.83547
427	494	6.6662
427	502	6.93521
427	503	7.10932
427	506	4.296
427	507	6.89759
428	48	0.065075
428	178	3.35589
428	259	7.50818e-05
428	293	0.239801
428	302	0.931555
428	443	3.51045
428	462	3.7082
428	463	5.45487
428	469	5.32515
428	493	6.35013
428	501	7.05912
428	505	3.79087
428	506	3.80438
428	507	6.40597
428	510	8.08697
429	59	1.42849
429	239	2.13015
429	312	2.69176
429	324	2.26313
429	338	2.41757
429	340	3.87502
429	378	2.9355
429	411	3.68629
429	422	1.88725
429	439	5.12802
429	448	5.40962
429	455	5.71694
429	461	5.91933
429	498	5.56882
429	507	7.03958
430	67	1.07094
430	75	1.61457
430	160	0.81129
430	181	1.08155
430	183	1.3222
430	211	1.0291
430	214	3.11465
430	222	2.10915
430	224	1.64097
430	336	3.482
430	342	2.8877
430	449	7.77026
430	475	8.71455
430	487	9.24269
430	512	12.2156
431	85	0.113966
431	280	1.30287
431	281	3.45837
431	304	1.26486
431	400	2.45648
431	407	2.11474
431	415	2.66226
431	427	3.04192
431	446	1.00866
431	452	4.18665
431	458	5.68837
431	474	6.13554
431	483	6.99835
431	502	7.82911
431	503	8.00323
431	504	7.81799
432	194	1.10348
432	280	0.914475
432	325	0.00824327
432	368	0.00767312
432	374	1.17667
432	389	2.75102
432	407	1.72634
432	434	2.5728
432	440	3.88605
432	452	3.79825
432	474	5.74714
432	494	7.17171
432	502	7.44071
432	503	7.61483
432	504	8.91077
432	509	9.28013
433	191	3.43044
433	351	0.0140798
433	361	0.0843987
433	409	0.00842199
433	421	0.0395513
433	437	0.972389
433	448	2.95992
433	453	2.6592
433	456	2.73384
433	476	5.18719
433	494	6.36849
433	502	6.41716
433	506	7.99703
433	507	8.04118
433	508	8.18229
433	511	8.89453
434	214	1.2899
434	261	2.17475
434	389	2.16479
434	391	1.9633
434	407	1.1401
434	427	2.06729
434	432	2.5728
434	440	3.29981
434	452	3.21202
434	458	4.71374
434	474	5.1609
434	479	4.60802
434	481	9.15938
434	494	6.58547
434	502	6.85448
434	503	7.02859
435	13	0.165657
435	131	3.45297
435	226	0.0485501
435	234	0.017406
435	245	0.00635615
435	260	0.0217581
435	295	0.00868792
435	366	5.18566
435	378	0.0159284
435	390	0.345708
435	460	5.97165
435	474	10.3864
435	482	8.15036
435	486	8.4146
435	500	10.4214
435	509	11.3776
436	63	0.536941
436	88	0.617259
436	92	0.734586
436	107	2.40286
436	148	2.01335
436	185	1.0707
436	313	7.46502
436	318	2.0185
436	347	3.79387
436	351	4.66806
436	352	3.3328
436	357	4.56442
436	397	3.98082
436	471	8.8966
436	477	8.65565
436	481	9.24858
437	53	2.06627
437	306	0.260017
437	360	0.0831768
437	386	6.07657
437	421	0.0254389
437	423	6.48971
437	433	0.972389
437	453	1.71091
437	467	4.00994
437	468	4.12526
437	476	4.2389
437	478	4.57703
437	485	6.14629
437	506	7.04875
437	507	7.0929
437	508	7.23401
437	511	7.94624
438	7	1.59877
438	14	1.58693
438	117	3.36529
438	197	2.04048
438	224	1.50533
438	267	1.97412
438	311	3.4647
438	314	5.49299
438	324	1.32662
438	336	3.34637
438	342	2.75207
438	377	5.47557
438	449	7.63463
438	475	8.57891
438	487	9.10706
438	495	3.00706
438	498	7.82513
439	28	2.40434
439	80	2.38444
439	151	3.31319
439	175	2.31857
439	237	3.4398
439	239	3.11263
439	268	5.54052
439	324	3.24561
439	325	2.8447
439	334	3.39813
439	338	3.40006
439	340	4.8575
439	411	4.66877
439	429	5.12802
439	448	6.3921
439	455	6.69942
439	485	6.95601
440	26	2.40775
440	132	0.2706
440	283	2.03464
440	289	2.85176
440	321	4.10925
440	360	1.93838
440	398	3.03699
440	415	3.00087
440	424	5.61804
440	432	3.88605
440	434	3.29981
440	449	4.093
440	452	4.52527
440	458	6.02699
440	474	6.47416
440	502	8.16773
440	503	8.34184
441	19	2.09441
441	43	1.44244
441	118	1.9052
441	151	2.5874
441	169	1.64902
441	201	2.67426
441	300	4.56406
441	333	2.60587
441	334	6.09697
441	339	0.896483
441	346	4.28257
441	351	3.79552
441	402	4.97524
441	426	6.57644
441	459	8.02476
441	472	8.28915
441	473	7.63692
442	3	2.40732
442	41	3.24862
442	51	1.07182
442	100	2.40732
442	175	3.36986
442	235	2.5412
442	248	2.33871
442	268	3.82464
442	296	3.84692
442	301	3.21701
442	355	4.54216
442	446	5.53016
442	457	5.56177
442	473	6.73149
442	475	4.06147
442	479	6.61046
442	502	8.77209
443	36	2.384
443	217	0.697956
443	219	1.84358
443	310	0.928202
443	353	1.76148
443	395	2.92652
443	410	2.70446
443	418	2.83812
443	428	3.51045
443	461	0.0278257
443	462	5.83153
443	483	6.1683
443	493	8.47347
443	501	9.18246
443	507	3.30133
443	509	7.3573
443	510	10.2103
444	115	0.715398
444	210	2.3225
444	299	2.11505
444	309	7.51402e-05
444	318	2.61433
444	344	2.28341
444	350	4.34954
444	383	3.07741
444	408	3.55739
444	414	3.79824
444	417	4.88105
444	447	6.04603
444	453	4.39366
444	477	7.65144
444	484	7.90652
444	488	7.72058
444	492	6.68435
445	66	1.75031
445	76	3.07124
445	82	2.63489
445	220	3.59302
445	228	4.00616
445	229	3.14177
445	254	4.64924
445	265	4.11203
445	284	4.6886
445	292	4.6886
445	315	5.06642
445	367	5.25732
445	388	0.926843
445	404	2.92886
445	412	5.86946
445	425	6.4944
445	486	7.21677
446	134	1.18911
446	165	2.84659
446	183	0.616137
446	213	3.48056
446	234	1.01564
446	248	3.31574
446	262	5.30393
446	308	2.88216
446	363	4.64519
446	403	5.80365
446	406	4.33389
446	431	1.00866
446	442	5.53016
446	457	6.5388
446	479	7.58749
446	488	4.55607
446	493	7.38411
446	494	8.32857
447	66	1.86976
447	122	0.332965
447	128	0.834009
447	140	2.11702
447	181	1.4304
447	242	2.45812
447	298	0.575183
447	299	3.18756
447	318	3.68683
447	344	3.35591
447	383	4.14991
447	408	4.62989
447	414	4.87074
447	444	6.04603
447	453	8.99366
447	482	10.0447
447	484	8.97903
447	488	8.79309
448	133	2.3364
448	168	3.34861
448	175	2.60017
448	200	3.04717
448	239	3.39423
448	312	3.95584
448	324	3.52721
448	334	3.67972
448	399	1.49945
448	411	4.95037
448	426	5.92049
448	429	5.40962
448	433	2.95992
448	439	6.3921
448	455	6.98102
448	461	7.18341
448	468	4.73708
448	473	4.44872
449	36	1.0611
449	67	1.79239
449	111	1.0611
449	160	1.53275
449	171	3.34444
449	187	2.75537
449	267	2.83121
449	311	4.32179
449	336	4.20345
449	342	3.60916
449	373	1.23874
449	379	1.76333
449	430	7.77026
449	438	7.63463
449	440	4.093
449	475	9.436
449	487	9.96415
449	507	5.49854
449	510	8.92458
450	139	1.41192
450	215	1.24998
450	290	0.0575062
450	313	0.0334142
450	331	3.22441
450	363	5.83811
450	368	0.0380161
450	397	0.00137394
450	423	4.0488
450	454	2.57644
450	456	4.42356
450	483	6.18249
450	490	6.55751
450	492	6.49321
450	498	7.28865
450	499	8.11092
450	503	7.36005
450	504	8.19389
450	512	9.7794
451	52	0.0233167
451	66	0.63338
451	136	0.151359
451	198	1.03032
451	229	0.0225987
451	236	2.71768
451	270	0.0930899
451	316	0.804601
451	378	0.593262
451	390	1.05137
451	455	7.6791
451	460	6.67731
451	464	7.36984
451	482	8.85603
451	486	9.12026
451	500	11.127
451	503	8.48235
451	506	4.32334
451	509	12.0833
452	137	0.0876729
452	186	3.34725
452	278	0.0365585
452	385	2.10803
452	398	2.94919
452	400	2.7073
452	420	2.87572
452	431	4.18665
452	432	3.79825
452	434	3.21202
452	440	4.52527
452	458	5.93919
452	474	6.38636
452	485	4.75157
452	493	4.93321
452	494	7.81093
452	502	8.07993
452	503	8.25405
452	507	6.84881
453	192	1.16493
453	269	0.0420446
453	296	0.000141626
453	319	0.316965
453	329	2.48186
453	381	0.138573
453	409	0.314425
453	433	2.6592
453	437	1.71091
453	444	4.39366
453	447	8.99366
453	456	3.47236
453	467	5.69675
453	476	5.92571
453	478	6.26384
453	496	9.80753
453	506	8.73555
453	507	8.7797
453	508	8.92082
453	511	9.63305
454	113	0.00913115
454	215	1.49992
454	232	0.0109833
454	242	3.52961
454	275	0.010173
454	298	0.000608233
454	309	0.048248
454	370	0.0589906
454	378	4.12807
454	450	2.57644
454	462	5.65438
454	478	7.23997
454	483	6.43243
454	490	6.80746
454	492	6.74316
454	496	8.33127
454	498	7.5386
454	499	8.36087
454	504	8.44384
454	505	8.79425
454	512	10.0294
455	27	2.41318
455	111	2.41309
455	133	2.64372
455	175	2.90749
455	191	3.79675
455	200	3.35449
455	237	4.02872
455	251	4.1844
455	254	3.03684
455	312	4.26316
455	324	3.83453
455	334	3.98704
455	337	4.26253
455	338	3.98897
455	357	7.29426
455	411	5.25769
455	429	5.71694
455	439	6.69942
455	448	6.98102
455	451	7.6791
455	461	7.49073
456	135	0.0190304
456	163	0.0151495
456	208	1.32823
456	241	0.0422019
456	319	0.391605
456	337	2.12928
456	393	0.325068
456	407	3.54924
456	433	2.73384
456	450	4.42356
456	453	3.47236
456	467	5.77139
456	468	5.88671
456	476	6.00035
456	478	6.33848
456	488	6.29974
456	496	11.1425
456	506	8.81019
456	507	8.85434
456	508	8.99546
456	511	9.70769
457	64	1.53528
457	122	4.35829
457	155	2.30689
457	169	3.34592
457	177	2.46437
457	235	3.54985
457	267	2.90925
457	301	4.22565
457	326	3.51161
457	328	3.27939
457	372	0.000268554
457	388	4.79343
457	392	7.79967
457	403	5.83526
457	405	4.04403
457	442	5.56177
457	446	6.5388
457	463	5.52616
457	473	7.74013
457	479	7.6191
457	493	9.30544
458	24	1.66701
458	45	2.39891
458	54	0.529175
458	91	0.069897
458	196	0.965671
458	199	3.8189
458	280	3.05542
458	304	3.01741
458	318	3.63246
458	374	3.31761
458	407	3.86728
458	410	5.82027
458	427	4.79447
458	431	5.68837
458	434	4.71374
458	440	6.02699
458	452	5.93919
458	463	6.65163
458	479	8.56179
458	494	9.31265
458	502	9.58165
458	503	9.75577
459	16	2.26131
459	19	3.31663
459	20	3.41068
459	30	2.40885
459	55	2.48473
459	68	2.40885
459	106	2.6383
459	151	3.80962
459	169	2.87123
459	203	4.90264
459	207	3.53338
459	233	7.81083
459	258	1.26352
459	298	4.59291
459	307	5.47333
459	380	1.35674
459	401	6.86657
459	402	6.19746
459	441	8.02476
459	464	7.5999
459	472	9.51136
459	502	10.4477
460	17	0.0161934
460	84	0.00163152
460	189	0.0184304
460	205	3.78126
460	219	0.0055329
460	245	0.732541
460	260	1.1663
460	270	0.209169
460	309	2.66902
460	378	1.62649
460	388	4.61038
460	390	2.08459
460	397	4.97367
460	398	6.74889
460	435	5.97165
460	451	6.67731
460	464	8.40307
460	482	9.88925
460	486	10.1535
460	497	8.16407
460	500	12.1602
460	509	13.1165
461	27	2.61557
461	28	3.19566
461	59	3.20228
461	90	1.8575
461	133	2.84611
461	191	3.99915
461	200	3.55688
461	237	4.23111
461	312	4.46555
461	321	2.2413
461	324	4.03692
461	334	4.18944
461	338	4.19137
461	340	5.64881
461	408	3.13481
461	411	5.46008
461	429	5.91933
461	443	0.0278257
461	448	7.18341
461	455	7.49073
461	510	12.575
461	512	11.1471
462	4	2.40341
462	33	2.40341
462	127	3.00778
462	216	0.000504274
462	288	2.07316
462	307	0.350653
462	327	1.55123
462	347	2.36174
462	353	1.95923
462	371	2.4179
462	410	2.9022
462	428	3.7082
462	443	5.83153
462	454	5.65438
462	463	7.77596
462	465	7.55614
462	468	6.53902
462	469	7.64624
462	493	8.67121
462	501	9.3802
462	508	8.58401
462	510	10.4081
463	32	1.99788
463	116	2.53609
463	252	4.18844
463	259	2.90624
463	286	4.428
463	302	4.99932
463	307	2.09733
463	310	2.87262
463	327	3.29791
463	353	3.70591
463	371	4.16457
463	410	4.64888
463	418	4.78254
463	428	5.45487
463	457	5.52616
463	458	6.65163
463	462	7.77596
463	479	2.94284
463	489	3.73025
463	493	10.4179
463	499	4.22404
463	501	11.1269
463	502	5.80509
464	105	0.0126758
464	164	0.247748
464	173	1.52988
464	187	3.35852
464	192	0.0827617
464	226	0.58956
464	260	1.85883
464	295	1.40236
464	316	2.53036
464	378	2.31902
464	390	2.77713
464	402	3.60533
464	451	7.36984
464	459	7.5999
464	460	8.40307
464	465	1.61024
464	473	5.05815
464	482	10.5818
464	484	5.80796
464	486	10.846
464	500	12.8528
464	505	6.03706
464	509	13.8091
465	47	0.885996
465	70	1.30543
465	81	0.885996
465	167	1.58329
465	188	2.36963
465	288	3.60002
465	302	4.7795
465	326	7.99788
465	327	3.07809
465	353	3.48609
465	371	3.94476
465	386	4.51456
465	392	1.95916
465	395	4.65113
465	410	4.42906
465	418	4.56273
465	462	7.55614
465	464	1.61024
465	486	4.55544
465	493	10.1981
465	501	10.9071
465	509	9.43649
465	510	11.9349
465	512	7.37868
466	21	1.9581
466	30	2.51728
466	46	1.43958
466	83	1.43958
466	93	1.9581
466	94	2.39886
466	236	4.32005
466	255	5.48685
466	281	4.4933
466	323	5.37353
466	329	1.88935
466	331	4.95074
466	332	4.54951
466	337	4.5933
466	384	6.0293
466	396	7.31789
466	419	6.3053
466	470	9.01947
466	473	5.5219
466	480	4.39025
466	484	6.27171
466	486	8.29083
466	496	10.551
466	506	6.51433
467	61	2.39543
467	99	2.39543
467	150	3.34953
467	211	0.949007
467	216	4.40451
467	249	0.50721
467	269	1.33395
467	287	0.511414
467	314	2.29854
467	319	2.61599
467	360	2.23972
467	393	2.54946
467	421	2.80122
467	437	4.00994
467	453	5.69675
467	456	5.77139
467	474	4.04941
467	476	8.22474
467	478	8.56287
467	501	8.62575
467	503	10.06
467	507	11.0787
467	508	11.2198
467	511	11.9321
468	130	0.0685534
468	160	3.35419
468	163	0.639991
468	199	0.589181
468	205	0.846401
468	251	0.0286682
468	305	0.427763
468	314	2.41386
468	371	6.43797
468	381	2.00794
468	393	2.66478
468	409	2.72877
468	421	2.91654
468	437	4.12526
468	448	4.73708
468	456	5.88671
468	462	6.53902
468	476	8.34006
468	478	8.67819
468	498	7.64603
468	502	8.19432
468	506	11.1499
468	507	11.1941
468	508	11.3352
468	511	12.0474
469	6	2.43661
469	24	2.43661
469	47	0.976092
469	81	0.976092
469	253	1.34326
469	286	4.29828
469	288	3.69012
469	293	2.51966
469	302	4.8696
469	307	1.96761
469	310	2.7429
469	351	5.7485
469	370	6.58986
469	371	4.03485
469	376	3.73721
469	387	5.97108
469	393	6.26892
469	410	4.51916
469	418	4.65282
469	428	5.32515
469	462	7.64624
469	476	8.92706
469	493	10.2882
469	501	10.9972
469	510	12.025
470	30	2.39215
470	46	1.31445
470	71	1.99873
470	83	1.31445
470	106	2.40019
470	139	0.000651252
470	142	3.00841
470	214	4.07157
470	240	4.66135
470	256	4.14455
470	306	3.33072
470	315	6.73896
470	331	4.82561
470	332	4.42438
470	337	4.46817
470	366	5.41481
470	384	5.90417
470	396	7.19276
470	419	6.18017
470	466	9.01947
470	473	7.72023
470	491	9.17314
470	495	5.02541
470	496	10.4259
470	498	9.84348
471	29	2.41029
471	39	2.59129
471	63	2.35554
471	92	2.55318
471	150	2.42247
471	158	3.6838
471	173	1.11997
471	185	2.8893
471	195	3.34211
471	206	3.24301
471	220	4.41937
471	234	4.55913
471	249	2.94721
471	282	6.13141
471	289	5.17139
471	330	4.87664
471	333	4.21813
471	347	5.61247
471	351	6.48665
471	359	5.70273
471	436	8.8966
471	477	10.4742
471	481	11.0672
471	495	6.55437
471	500	11.2555
472	16	2.5257
472	31	3.52812
472	43	2.92904
472	55	2.74912
472	98	2.39499
472	99	3.46855
472	101	2.39499
472	106	2.90269
472	118	3.3918
472	169	3.13562
472	186	4.58878
472	201	4.16086
472	207	3.79777
472	239	4.82211
472	275	4.02381
472	298	4.85729
472	300	6.05067
472	310	6.21959
472	320	6.62157
472	346	5.76917
472	400	7.83885
472	402	6.46185
472	426	8.06304
472	441	8.28915
472	459	9.51136
472	493	12.0832
473	1	3.42302
473	23	4.45557
473	29	2.10892
473	42	2.34401
473	94	4.34248
473	134	2.39044
473	263	4.08768
473	279	2.42886
473	282	1.68101
473	308	4.08349
473	326	4.68133
473	363	5.84652
473	385	5.30781
473	388	5.96315
473	405	5.21374
473	406	5.53522
473	441	7.63692
473	442	6.73149
473	448	4.44872
473	457	7.74013
473	464	5.05815
473	466	5.5219
473	470	7.72023
473	479	8.78882
473	489	9.75833
473	497	5.26711
474	85	2.03073
474	193	2.21863
474	252	1.98541
474	271	1.91324
474	278	1.98545
474	335	1.43672
474	341	5.67945
474	374	3.76478
474	378	3.86517
474	389	5.33913
474	400	4.65619
474	407	4.31445
474	415	4.86196
474	427	5.24163
474	431	6.13554
474	432	5.74714
474	434	5.1609
474	435	10.3864
474	440	6.47416
474	452	6.38636
474	467	4.04941
474	485	5.87201
474	490	5.45664
474	494	9.75982
474	502	10.0288
474	503	10.2029
474	505	5.35415
475	36	2.00538
475	67	2.73667
475	69	4.89855
475	111	2.00538
475	160	2.47703
475	183	2.98794
475	197	3.84185
475	222	3.77489
475	224	3.3067
475	238	5.93644
475	243	5.84494
475	267	3.77549
475	317	1.51543
475	336	5.14774
475	342	4.55344
475	377	7.27694
475	394	0.289491
475	430	8.71455
475	438	8.57891
475	442	4.06147
475	449	9.436
475	486	5.96426
475	487	10.9084
475	501	6.9125
475	503	8.34678
475	506	4.18776
475	509	10.8453
476	135	0.430009
476	205	0.960042
476	209	1.41915
476	211	1.17797
476	221	0.847099
476	249	0.736172
476	314	2.5275
476	361	1.55786
476	394	1.66574
476	409	2.84242
476	412	8.14097
476	417	5.3297
476	421	3.03018
476	422	3.01326
476	433	5.18719
476	437	4.2389
476	453	5.92571
476	456	6.00035
476	467	8.22474
476	468	8.34006
476	469	8.92706
476	480	3.43994
476	506	11.2635
476	507	11.3077
476	508	11.4488
476	511	12.161
476	512	10.1638
477	15	2.48849
477	48	5.45143
477	69	2.41378
477	88	2.1949
477	92	2.31223
477	150	2.18151
477	156	3.50941
477	157	6.77529
477	195	3.10116
477	206	3.00205
477	246	4.44752
477	284	1.97479
477	289	4.93043
477	322	6.44399
477	330	4.63568
477	347	5.37151
477	351	6.2457
477	357	6.14207
477	359	5.46177
477	361	5.87505
477	365	4.31036
477	380	2.95277
477	436	8.65565
477	444	7.65144
477	471	10.4742
477	481	10.8262
477	499	10.4627
478	134	3.35441
478	170	0.899184
478	177	3.35441
478	183	2.74668
478	189	2.36783
478	221	1.18523
478	269	1.90104
478	304	1.90831
478	305	0.879535
478	319	3.18308
478	325	5.22171
478	360	2.80681
478	361	1.89599
478	381	2.45971
478	409	3.18055
478	421	3.36831
478	437	4.57703
478	453	6.26384
478	454	7.23997
478	456	6.33848
478	467	8.56287
478	468	8.67819
478	480	6.70459
478	501	11.5534
478	506	11.6017
478	507	11.6458
478	508	11.7869
478	511	12.4992
479	28	2.37315
479	140	4.75135
479	155	3.35558
479	161	2.56113
479	177	3.51305
479	179	4.23264
479	213	4.56086
479	244	1.14241
479	245	3.51174
479	248	4.39604
479	273	4.51477
479	276	4.07052
479	328	4.32807
479	373	5.721
479	385	5.18678
479	388	5.84212
479	405	5.09271
479	406	5.41419
479	434	4.60802
479	442	6.61046
479	446	7.58749
479	457	7.6191
479	458	8.56179
479	463	2.94284
479	473	8.78882
479	489	9.6373
479	500	7.04999
479	503	10.1951
480	138	0.0018155
480	223	0.485402
480	243	1.20556
480	244	0.485402
480	272	1.14797
480	277	1.15383
480	303	1.87227
480	322	2.63579
480	335	2.63898
480	354	3.44496
480	358	3.44326
480	375	4.2971
480	382	4.29324
480	387	3.79952
480	408	1.68265
480	422	7.08185
480	466	4.39025
480	476	3.43994
480	478	6.70459
480	481	8.46342
480	485	5.59954
480	491	15.9762
480	495	16.6773
480	497	16.6772
481	15	3.08142
481	39	2.94327
481	63	2.70752
481	88	2.78784
481	148	4.18393
481	150	2.77445
481	156	4.10234
481	158	4.03578
481	167	3.35548
481	185	3.24128
481	195	3.69409
481	206	3.59499
481	241	5.2129
481	246	5.04045
481	256	1.46058
481	282	6.48339
481	289	5.52337
481	309	4.1327
481	330	5.22862
481	347	5.96444
481	357	6.735
481	359	6.05471
481	368	6.61697
481	434	9.15938
481	436	9.24858
481	471	11.0672
481	477	10.8262
481	480	8.46342
481	488	8.44543
482	9	0.0339125
482	11	0.161169
482	81	2.38981
482	104	0.258929
482	149	1.68138
482	171	0.515935
482	173	3.01606
482	192	1.56894
482	229	1.79477
482	231	2.49146
482	234	1.79607
482	245	2.91126
482	246	2.21701
482	260	3.34501
482	270	2.38789
482	316	4.01654
482	378	3.8052
482	390	4.26331
482	400	4.59947
482	435	8.15036
482	447	10.0447
482	451	8.85603
482	460	9.88925
482	464	10.5818
482	483	13.6264
482	486	12.3322
482	500	14.339
482	502	9.83693
482	509	15.2952
483	57	0.298972
483	78	0.0121646
483	166	0.190333
483	176	0.739305
483	188	1.17866
483	208	1.54539
483	232	1.24576
483	233	3.274
483	265	3.24217
483	285	4.76607
483	290	1.94282
483	294	2.4495
483	306	1.52826
483	309	1.9552
483	317	1.65772
483	344	4.4039
483	381	4.37177
483	431	6.99835
483	443	6.1683
483	450	6.18249
483	454	6.43243
483	482	13.6264
483	490	10.4135
483	492	10.3492
483	498	11.1446
483	499	11.9669
483	504	12.0499
483	505	12.4003
483	512	13.6354
484	26	2.83052
484	66	3.73024
484	79	2.87767
484	115	3.64839
484	126	3.63409
484	178	3.75721
484	181	3.29089
484	212	4.63529
484	242	4.31861
484	285	6.19897
484	299	5.04805
484	318	5.54732
484	344	5.2164
484	354	2.54508
484	358	3.14771
484	364	4.62918
484	383	6.0104
484	408	6.49038
484	414	6.73123
484	417	7.81405
484	444	7.90652
484	447	8.97903
484	464	5.80796
484	466	6.27171
484	487	6.51613
484	488	10.6536
484	494	8.6071
484	495	3.28941
484	497	6.01692
485	10	3.71639
485	53	5.20408
485	60	3.98486
485	73	4.50865
485	97	4.25737
485	102	3.4602
485	103	4.85158
485	120	5.27303
485	121	4.11675
485	123	6.6719
485	124	5.62191
485	130	3.36512
485	147	4.76512
485	162	6.07702
485	180	5.3088
485	225	5.78211
485	253	5.80134
485	264	5.75956
485	348	0.491319
485	349	6.76889
485	362	8.62923
485	416	8.76007
485	424	4.92635
485	437	6.14629
485	439	6.95601
485	452	4.75157
485	474	5.87201
485	480	5.59954
485	500	8.73747
486	37	0.21007
486	84	1.31767
486	136	2.35592
486	148	2.3204
486	152	0.952149
486	171	0.780171
486	173	3.2803
486	219	1.77084
486	229	2.05901
486	234	2.06031
486	245	3.1755
486	295	3.15278
486	316	4.28078
486	335	5.06483
486	354	4.5642
486	362	6.83595
486	378	4.06944
486	388	4.48235
486	390	4.52755
486	435	8.4146
486	445	7.21677
486	451	9.12026
486	460	10.1535
486	464	10.846
486	465	4.55544
486	466	8.29083
486	475	5.96426
486	482	12.3322
486	500	14.6032
486	509	15.5595
487	7	3.92829
487	14	3.91644
487	36	2.53353
487	40	2.40269
487	75	3.80846
487	111	2.53353
487	160	3.00517
487	183	3.51609
487	187	4.2278
487	197	4.37
487	222	4.30304
487	224	3.83485
487	238	6.46458
487	243	6.37309
487	267	4.30364
487	286	4.99568
487	311	5.79422
487	312	7.05239
487	330	6.18795
487	342	5.08159
487	377	7.80509
487	413	3.4527
487	427	3.83547
487	430	9.24269
487	438	9.10706
487	449	9.96415
487	475	10.9084
487	484	6.51613
487	505	6.74522
487	508	8.09967
488	26	2.64458
488	52	2.39593
488	79	2.69173
488	115	3.46245
488	126	3.44815
488	178	3.57127
488	181	3.10495
488	182	5.68346
488	212	4.44935
488	242	4.13267
488	285	6.01303
488	294	6.75531
488	299	4.86211
488	318	5.36138
488	344	5.03046
488	350	7.09659
488	383	5.82446
488	387	3.78154
488	395	5.57207
488	408	6.30444
488	414	6.54529
488	417	7.62811
488	444	7.72058
488	446	4.55607
488	447	8.79309
488	456	6.29974
488	481	8.44543
488	484	10.6536
488	505	5.0637
488	508	6.41814
489	29	2.9574
489	42	3.19249
489	51	4.09865
489	64	3.55347
489	84	2.38946
489	134	3.23892
489	161	3.53063
489	165	4.8964
489	235	5.56804
489	263	4.93616
489	273	5.48428
489	296	6.87376
489	299	2.6256
489	301	6.24385
489	308	4.93196
489	326	5.5298
489	328	5.29758
489	368	2.85302
489	373	6.6905
489	382	6.89807
489	385	6.15629
489	405	6.06222
489	406	6.3837
489	410	2.89889
489	417	6.58924
489	463	3.73025
489	473	9.75833
489	479	9.6373
489	499	6.92161
489	511	14.4147
490	45	0.803405
490	62	0.803405
490	119	0.339788
490	131	1.55622
490	159	2.38647
490	170	0.746749
490	174	0.353641
490	184	3.3583
490	210	1.37347
490	239	0.733159
490	250	2.68523
490	297	2.84027
490	313	2.5898
490	343	1.60882
490	368	3.24445
490	370	3.00033
490	406	5.82549
490	450	6.55751
490	454	6.80746
490	474	5.45664
490	483	10.4135
490	492	10.7242
490	497	6.34851
490	498	11.5197
490	499	12.3419
490	500	8.3221
490	504	12.4249
490	505	12.7753
490	506	7.30825
490	510	13.3359
490	512	14.0104
491	18	1.4019
491	34	1.4019
491	72	1.4019
491	86	1.4019
491	98	1.4019
491	101	1.4019
491	108	1.4019
491	119	2.14398
491	155	3.35475
491	213	4.08553
491	223	2.80332
491	244	2.80332
491	254	0.14156
491	272	3.46589
491	277	3.47175
491	303	4.1902
491	322	4.95372
491	335	4.9569
491	354	5.76288
491	358	5.76118
491	375	6.61502
491	382	6.61116
491	390	5.9858
491	397	3.52961
491	422	9.39977
491	470	9.17314
491	480	15.9762
491	492	9.85801
491	495	18.9952
491	497	18.9951
491	499	7.77782
491	501	10.4045
492	6	0.232031
492	46	2.40439
492	117	3.39602
492	131	1.49191
492	153	0.946455
492	159	2.32216
492	180	3.36364
492	210	1.30917
492	250	2.62093
492	276	2.12498
492	294	2.76022
492	300	3.1253
492	306	1.83898
492	313	2.5255
492	316	5.18401
492	317	1.96845
492	368	3.18015
492	370	2.93603
492	404	6.88612
492	444	6.68435
492	450	6.49321
492	454	6.74316
492	483	10.3492
492	490	10.7242
492	491	9.85801
492	495	5.71028
492	498	11.4554
492	499	12.2776
492	502	11.0766
492	504	12.3606
492	505	12.711
492	512	13.9461
493	3	1.05139
493	5	1.05139
493	87	2.28405
493	103	2.40516
493	143	3.03417
493	163	3.35926
493	167	2.69836
493	216	2.61217
493	261	3.45711
493	293	3.54463
493	307	2.99259
493	310	3.76788
493	339	0.172395
493	353	4.60116
493	371	5.05983
493	386	5.62963
493	395	5.7662
493	399	3.96356
493	418	5.6778
493	428	6.35013
493	443	8.47347
493	446	7.38411
493	452	4.93321
493	457	9.30544
493	462	8.67121
493	463	10.4179
493	465	10.1981
493	469	10.2882
493	472	12.0832
493	495	4.21801
493	498	9.03608
493	501	12.0221
493	510	13.05
494	54	2.40091
494	71	2.39785
494	85	3.4553
494	121	3.35195
494	132	3.55626
494	149	2.37137
494	184	2.33876
494	196	2.83741
494	252	3.40998
494	271	3.33782
494	278	3.41002
494	304	4.88914
494	365	2.79546
494	374	5.18935
494	389	6.7637
494	394	4.95144
494	398	6.32265
494	400	6.08076
494	407	5.73902
494	408	5.43717
494	415	6.28653
494	416	8.28595
494	427	6.6662
494	432	7.17171
494	433	6.36849
494	434	6.58547
494	446	8.32857
494	452	7.81093
494	458	9.31265
494	474	9.75982
494	484	8.6071
494	499	8.94778
494	502	11.4534
494	503	11.6275
495	2	2.80272
495	15	2.38919
495	18	2.10304
495	34	2.10304
495	72	2.10304
495	86	2.10304
495	98	2.10304
495	101	2.10304
495	108	2.10304
495	119	2.84512
495	218	4.09009
495	223	3.50446
495	244	3.50446
495	272	4.16703
495	277	4.17289
495	303	4.89134
495	322	5.65485
495	335	5.65804
495	354	6.46402
495	358	6.46232
495	375	7.31616
495	382	7.3123
495	422	10.1009
495	438	3.00706
495	470	5.02541
495	471	6.55437
495	480	16.6773
495	484	3.28941
495	491	18.9952
495	492	5.71028
495	493	4.21801
495	497	19.6962
495	509	10.1896
495	510	9.55964
495	512	8.13177
496	21	3.36449
496	22	1.19342
496	46	2.84597
496	56	4.63854
496	58	4.37396
496	61	4.17333
496	71	3.53025
496	83	2.84597
496	93	3.36449
496	142	4.53993
496	152	1.67047
496	198	6.88387
496	214	5.6031
496	236	5.72644
496	240	6.19288
496	249	2.62556
496	256	5.67608
496	281	5.89969
496	323	6.77992
496	331	6.35713
496	332	5.9559
496	337	5.99969
496	347	5.03863
496	348	7.12175
496	366	6.94633
496	367	4.4239
496	384	7.43569
496	405	6.94647
496	419	7.71169
496	453	9.80753
496	454	8.33127
496	456	11.1425
496	466	10.551
496	470	10.4259
496	500	10.9338
497	2	2.8026
497	18	2.10292
497	34	2.10292
497	72	2.10292
497	86	2.10292
497	88	2.39055
497	98	2.10292
497	101	2.10292
497	108	2.10292
497	119	2.845
497	131	0.00381987
497	157	3.1217
497	221	2.59857
497	223	3.50435
497	244	3.50435
497	272	4.16691
497	277	4.17277
497	303	4.89122
497	322	5.65474
497	335	5.65793
497	354	6.4639
497	358	6.4622
497	375	7.31605
497	382	7.31218
497	414	8.31441
497	422	10.1008
497	460	8.16407
497	473	5.26711
497	480	16.6772
497	484	6.01692
497	490	6.34851
497	491	18.9951
497	495	19.6962
497	498	7.39036
497	504	12.5477
498	57	1.40514
498	86	2.40005
498	117	4.19146
498	139	6.37407
498	154	1.35894
498	159	3.11761
498	166	1.2965
498	231	1.49805
498	250	3.41637
498	260	3.66086
498	266	2.49408
498	276	2.92043
498	297	3.57141
498	299	4.15214
498	313	3.32094
498	317	2.76389
498	329	3.72512
498	343	2.33996
498	352	3.55193
498	368	3.97559
498	370	3.73147
498	429	5.56882
498	438	7.82513
498	450	7.28865
498	454	7.5386
498	468	7.64603
498	470	9.84348
498	483	11.1446
498	490	11.5197
498	492	11.4554
498	493	9.03608
498	497	7.39036
498	499	13.0731
498	504	13.156
498	505	13.5065
498	512	14.7416
499	6	1.84974
499	45	2.35681
499	62	2.35681
499	77	2.75852
499	79	2.39604
499	107	2.37302
499	174	1.90705
499	188	3.1071
499	196	4.40512
499	208	3.47383
499	209	2.72861
499	231	2.32032
499	247	2.68281
499	250	4.23864
499	266	3.31635
499	276	3.7427
499	306	3.4567
499	317	3.58616
499	333	1.29385
499	343	3.16223
499	370	4.55374
499	374	3.37218
499	383	5.59448
499	450	8.11092
499	454	8.36087
499	463	4.22404
499	477	10.4627
499	483	11.9669
499	489	6.92161
499	490	12.3419
499	491	7.77782
499	492	12.2776
499	494	8.94778
499	498	13.0731
499	504	13.9783
499	505	14.3287
499	511	14.9085
499	512	15.5638
500	9	2.30491
500	11	2.24128
500	17	2.31376
500	37	2.21683
500	52	2.3102
500	104	2.1924
500	105	2.31552
500	140	1.24405
500	152	2.95891
500	164	3.31111
500	171	2.78693
500	189	3.42576
500	192	3.83994
500	204	1.86816
500	219	3.7776
500	226	4.34673
500	229	4.06576
500	234	4.06706
500	243	4.34349
500	270	4.65888
500	295	5.15954
500	378	6.0762
500	390	6.53431
500	399	4.29143
500	403	4.75106
500	411	7.47728
500	435	10.4214
500	451	11.127
500	460	12.1602
500	464	12.8528
500	471	11.2555
500	479	7.04999
500	482	14.339
500	485	8.73747
500	486	14.6032
500	490	8.3221
500	496	10.9338
500	509	17.5662
501	3	1.76038
501	5	1.76038
501	22	1.21746
501	25	2.21577
501	32	3.60212
501	65	2.28607
501	87	2.99305
501	152	1.69451
501	167	3.40736
501	207	4.41356
501	216	3.32116
501	217	4.24663
501	259	4.51049
501	261	4.1661
501	293	4.25362
501	300	3.67178
501	307	3.70158
501	327	4.90216
501	332	2.09559
501	371	5.76882
501	386	6.33862
501	387	7.70505
501	395	6.47519
501	410	6.25313
501	418	6.38679
501	428	7.05912
501	443	9.18246
501	462	9.3802
501	463	11.1269
501	465	10.9071
501	467	8.62575
501	469	10.9972
501	475	6.9125
501	478	11.5534
501	491	10.4045
501	493	12.0221
501	505	9.93049
501	507	12.5456
501	510	13.759
502	24	3.80775
502	54	2.66992
502	137	3.73014
502	149	2.64038
502	154	3.35184
502	184	2.60776
502	193	3.91221
502	196	3.10641
502	204	2.53341
502	252	3.67899
502	271	3.60682
502	275	1.525
502	278	3.67902
502	280	5.19616
502	283	5.58931
502	345	5.10631
502	374	5.45835
502	389	7.03271
502	398	6.59165
502	400	6.34977
502	407	6.00802
502	415	6.55554
502	427	6.93521
502	431	7.82911
502	432	7.44071
502	433	6.41716
502	434	6.85448
502	440	8.16773
502	442	8.77209
502	452	8.07993
502	458	9.58165
502	459	10.4477
502	463	5.80509
502	468	8.19432
502	474	10.0288
502	482	9.83693
502	492	11.0766
502	494	11.4534
502	503	11.8965
503	63	2.41223
503	132	3.99938
503	133	2.96567
503	137	3.90425
503	149	2.81449
503	173	2.25665
503	179	0.4435
503	184	2.78188
503	193	4.08632
503	196	3.28053
503	252	3.8531
503	271	3.78093
503	278	3.85314
503	280	5.37027
503	283	5.76342
503	304	5.33226
503	305	4.35188
503	320	3.46991
503	374	5.63247
503	398	6.76577
503	400	6.52388
503	407	6.18213
503	415	6.72965
503	427	7.10932
503	431	8.00323
503	432	7.61483
503	434	7.02859
503	440	8.34184
503	450	7.36005
503	451	8.48235
503	452	8.25405
503	458	9.75577
503	467	10.06
503	474	10.2029
503	475	8.34678
503	479	10.1951
503	494	11.6275
503	502	11.8965
503	508	12.7192
504	18	2.43654
504	45	2.43978
504	62	2.43978
504	77	2.84148
504	83	2.43654
504	153	2.64713
504	174	1.99002
504	176	2.75071
504	210	3.00985
504	215	7.11737
504	231	2.40329
504	232	3.25717
504	247	2.76578
504	266	3.39932
504	272	4.38081
504	275	5.58716
504	290	3.95423
504	293	3.92038
504	294	4.4609
504	297	4.47664
504	309	3.9666
504	317	3.66913
504	343	3.2452
504	346	4.12722
504	376	6.66235
504	381	5.1914
504	384	7.78335
504	391	9.6796
504	431	7.81799
504	432	8.91077
504	450	8.19389
504	454	8.44384
504	483	12.0499
504	490	12.4249
504	492	12.3606
504	497	12.5477
504	498	13.156
504	499	13.9783
504	505	14.4117
504	512	15.6468
505	78	2.17637
505	107	2.8064
505	113	2.17789
505	154	2.61459
505	166	2.55215
505	188	3.54048
505	209	3.16199
505	231	2.75371
505	232	3.60758
505	247	3.11619
505	266	3.74974
505	276	4.17608
505	290	4.30464
505	297	4.82706
505	306	3.89008
505	309	4.31702
505	313	4.57659
505	343	3.59561
505	364	4.85828
505	368	5.23124
505	370	4.98712
505	403	3.72369
505	408	3.79321
505	410	3.2811
505	428	3.79087
505	454	8.79425
505	464	6.03706
505	474	5.35415
505	483	12.4003
505	487	6.74522
505	488	5.0637
505	490	12.7753
505	492	12.711
505	498	13.5065
505	499	14.3287
505	501	9.93049
505	504	14.4117
505	508	8.54668
505	511	14.7969
505	512	15.9972
506	51	2.39512
506	68	1.55278
506	114	2.24783
506	130	2.50942
506	135	3.23985
506	163	3.56347
506	170	3.3709
506	203	2.48553
506	211	3.98781
506	241	2.94877
506	249	3.54601
506	251	2.95215
506	287	3.55022
506	305	3.35125
506	314	5.33734
506	317	4.54694
506	360	5.27852
506	361	4.3677
506	381	4.93142
506	393	5.58826
506	409	5.65226
506	421	5.84002
506	427	4.296
506	428	3.80438
506	433	7.99703
506	437	7.04875
506	451	4.32334
506	453	8.73555
506	456	8.81019
506	466	6.51433
506	468	11.1499
506	475	4.18776
506	476	11.2635
506	478	11.6017
506	490	7.30825
506	507	14.1175
506	508	14.2586
506	509	13.8768
506	510	13.2469
506	511	14.9709
506	512	11.819
507	58	2.40268
507	68	1.59693
507	89	1.53518
507	95	1.53518
507	124	3.35679
507	130	2.55357
507	163	3.60762
507	205	3.81403
507	221	3.70109
507	227	5.3418
507	241	2.99292
507	251	2.9963
507	263	3.16242
507	269	4.4169
507	287	3.59437
507	305	3.3954
507	361	4.41185
507	379	8.68723
507	381	4.97557
507	393	5.63241
507	409	5.69641
507	421	5.88417
507	422	7.27011
507	427	6.89759
507	428	6.40597
507	429	7.03958
507	433	8.04118
507	437	7.0929
507	443	3.30133
507	449	5.49854
507	452	6.84881
507	453	8.7797
507	456	8.85434
507	467	11.0787
507	468	11.1941
507	476	11.3077
507	478	11.6458
507	501	12.5456
507	506	14.1175
507	508	14.3028
507	511	15.015
508	22	2.44388
508	89	1.67629
508	95	1.67629
508	114	2.43309
508	130	2.69469
508	170	3.55616
508	211	4.17307
508	241	3.13403
508	249	3.73128
508	251	3.13741
508	273	4.75571
508	287	3.73548
508	305	3.53651
508	306	3.17827
508	318	2.44774
508	319	5.84006
508	360	5.46378
508	361	4.55296
508	374	4.61505
508	381	5.11668
508	385	6.421
508	389	7.73536
508	393	5.77352
508	396	7.32338
508	409	5.83752
508	415	3.74672
508	421	6.02529
508	433	8.18229
508	437	7.23401
508	453	8.92082
508	456	8.99546
508	462	8.58401
508	467	11.2198
508	468	11.3352
508	476	11.4488
508	478	11.7869
508	487	8.09967
508	488	6.41814
508	503	12.7192
508	505	8.54668
508	506	14.2586
508	507	14.3028
508	511	15.1561
509	2	2.44477
509	9	3.26119
509	11	3.19756
509	17	3.27005
509	37	3.17311
509	52	3.26648
509	84	4.2807
509	104	3.14868
509	105	3.2718
509	123	0.999595
509	136	5.31896
509	152	3.91519
509	156	2.64125
509	164	4.26739
509	171	3.74321
509	179	2.94204
509	189	4.38205
509	192	4.79622
509	219	4.73388
509	226	5.30302
509	229	5.02204
509	234	5.02334
509	245	6.13853
509	260	6.57229
509	270	5.61516
509	295	6.11582
509	302	3.51004
509	316	7.24382
509	332	6.0284
509	348	6.64452
509	360	7.3999
509	378	7.03248
509	390	7.49059
509	432	9.28013
509	435	11.3776
509	443	7.3573
509	451	12.0833
509	460	13.1165
509	464	13.8091
509	465	9.43649
509	475	10.8453
509	482	15.2952
509	486	15.5595
509	495	10.1896
509	500	17.5662
509	506	13.8768
510	3	2.78823
510	5	2.78823
510	25	3.24363
510	43	2.41423
510	47	3.73791
510	50	0.833482
510	65	3.31393
510	70	4.15735
510	81	3.73791
510	91	5.26083
510	116	5.16819
510	143	4.77102
510	216	4.34901
510	217	5.27448
510	256	4.11998
510	259	5.53834
510	261	5.19395
510	280	3.42627
510	284	4.85706
510	286	7.0601
510	288	6.45194
510	293	5.28148
510	307	4.72943
510	310	5.50473
510	327	5.93001
510	353	6.33801
510	356	7.37528
510	372	4.4945
510	386	7.36648
510	387	8.7329
510	395	7.50305
510	410	7.28098
510	415	8.43341
510	418	7.41464
510	428	8.08697
510	443	10.2103
510	449	8.92458
510	461	12.575
510	462	10.4081
510	465	11.9349
510	469	12.025
510	490	13.3359
510	493	13.05
510	495	9.55964
510	501	13.759
510	506	13.2469
511	13	2.31113
511	22	3.15612
511	65	2.46635
511	68	2.45028
511	89	2.38853
511	95	2.38853
511	114	3.14532
511	135	4.13735
511	205	4.66738
511	206	2.07721
511	221	4.55444
511	223	1.12311
511	228	5.62219
511	241	3.84627
511	249	4.44351
511	251	3.84965
511	269	5.27025
511	287	4.44771
511	291	4.50761
511	296	6.8748
511	298	6.2795
511	305	4.24874
511	314	6.23484
511	319	6.55229
511	327	5.8184
511	339	7.07755
511	346	5.43018
511	360	6.17602
511	361	5.2652
511	372	6.05803
511	381	5.82892
511	393	6.48576
511	409	6.54975
511	421	6.73752
511	433	8.89453
511	437	7.94624
511	453	9.63305
511	456	9.70769
511	467	11.9321
511	468	12.0474
511	476	12.161
511	478	12.4992
511	489	14.4147
511	499	14.9085
511	505	14.7969
511	506	14.9709
511	507	15.015
511	508	15.1561
512	6	3.51822
512	57	3.89589
512	78	3.41147
512	113	3.41298
512	122	3.04588
512	131	4.77811
512	138	3.38176
512	153	4.23265
512	154	3.84969
512	166	3.78725
512	174	3.57553
512	176	4.33622
512	208	5.14231
512	209	4.39709
512	210	4.59536
512	225	4.43754
512	231	3.9888
512	232	4.84268
512	247	4.35129
512	255	3.18538
512	258	4.31394
512	275	7.17268
512	290	5.53974
512	294	6.04642
512	304	4.89866
512	306	5.12518
512	309	5.55212
512	313	5.81169
512	317	5.25464
512	336	6.51287
512	343	4.83071
512	368	6.46634
512	370	6.22222
512	401	6.92107
512	413	8.51297
512	430	12.2156
512	450	9.7794
512	454	10.0294
512	461	11.1471
512	465	7.37868
512	476	10.1638
512	483	13.6354
512	490	14.0104
512	492	13.9461
512	495	8.13177
512	498	14.7416
512	499	15.5638
512	504	15.6468
512	505	15.9972
512	506	11.819
