1	19 
2	15 
3	15 
4	29 
5	41 
6	4 
7	5 
8	1 
9	15 
10	32 
11	39 
12	1 
13	18 
14	3 
15	31 
16	26 
17	5 
18	4 
19	3 
20	6 
21	1 
22	22 
23	4 
24	5 
25	15 
26	9 
27	2 
28	6 
29	37 
30	5 
31	19 
32	36 
33	38 
34	4 
35	15 
36	24 
37	22 
38	27 
39	40 
40	8 
41	11 
42	2 
43	2 
44	4 
45	15 
46	31 
47	1 
48	15 
49	10 
50	15 
51	16 
52	41 
53	26 
54	14 
55	1 
56	18 
57	3 
58	28 
59	26 
60	36 
61	3 
62	18 
63	34 
64	14 
65	25 
66	11 
67	6 
68	17 
69	22 
70	41 
71	33 
72	23 
73	40 
74	28 
75	4 
76	3 
77	11 
78	14 
79	5 
80	22 
81	6 
82	12 
83	31 
84	6 
85	15 
86	26 
87	23 
88	1 
89	26 
90	33 
91	18 
92	32 
93	37 
94	28 
95	11 
96	13 
97	26 
98	19 
99	16 
100	9 
101	22 
102	22 
103	41 
104	33 
105	32 
106	32 
107	39 
108	27 
109	25 
110	31 
111	12 
112	40 
113	21 
114	26 
115	25 
116	40 
117	27 
118	5 
119	20 
120	34 
121	32 
122	16 
123	27 
124	23 
125	29 
126	9 
127	37 
128	38 
129	13 
130	1 
131	31 
132	41 
133	40 
134	3 
135	17 
136	5 
137	29 
138	35 
139	2 
140	14 
141	11 
142	16 
143	5 
144	21 
145	14 
146	9 
147	27 
148	3 
149	37 
150	30 
151	18 
152	13 
153	41 
154	26 
155	3 
156	32 
157	40 
158	36 
159	9 
160	19 
161	36 
162	41 
163	19 
164	20 
165	29 
166	28 
167	11 
168	3 
169	18 
170	29 
171	31 
172	13 
173	32 
174	3 
175	27 
176	16 
177	33 
178	15 
179	3 
180	9 
181	1 
182	13 
183	20 
184	23 
185	39 
186	15 
187	18 
188	36 
189	16 
190	1 
191	4 
192	5 
193	32 
194	26 
195	41 
196	35 
197	41 
198	1 
199	13 
200	37 
201	29 
202	24 
203	5 
204	3 
205	6 
206	38 
207	24 
208	24 
209	13 
210	35 
211	10 
212	8 
213	36 
214	14 
215	36 
216	39 
217	2 
218	32 
219	20 
220	19 
221	1 
222	5 
223	36 
224	33 
225	41 
226	41 
227	5 
228	9 
229	11 
230	26 
231	18 
232	32 
233	8 
234	17 
235	38 
236	25 
237	4 
238	4 
239	26 
240	36 
241	30 
242	30 
243	27 
244	26 
245	23 
246	41 
247	27 
248	24 
249	41 
250	5 
251	17 
252	36 
253	36 
254	28 
255	4 
256	28 
257	15 
258	21 
259	36 
260	16 
261	12 
262	40 
263	27 
264	33 
265	13 
266	1 
267	33 
268	27 
269	3 
270	30 
271	16 
272	36 
273	31 
274	5 
275	14 
276	5 
277	32 
278	39 
279	8 
280	11 
281	35 
282	30 
283	24 
284	15 
285	19 
286	13 
287	38 
288	11 
289	9 
290	2 
291	26 
292	13 
293	25 
294	29 
295	11 
296	2 
297	26 
298	20 
299	5 
300	7 
301	13 
302	29 
303	13 
304	25 
305	13 
306	1 
307	40 
308	38 
309	13 
310	33 
311	39 
312	17 
313	41 
314	25 
315	27 
316	27 
317	21 
318	4 
319	25 
320	3 
321	33 
322	25 
323	26 
324	4 
325	31 
326	11 
327	41 
328	6 
329	10 
330	6 
331	13 
332	10 
333	15 
334	2 
335	37 
336	41 
337	7 
338	36 
339	3 
340	5 
341	7 
342	12 
343	30 
344	15 
345	32 
346	27 
347	41 
348	27 
349	29 
350	38 
351	4 
352	13 
353	31 
354	3 
355	19 
356	27 
357	6 
358	20 
359	4 
360	41 
361	31 
362	35 
363	31 
364	27 
365	3 
366	8 
367	7 
368	22 
369	36 
370	12 
371	6 
372	34 
373	11 
374	29 
375	2 
376	16 
377	14 
378	25 
379	35 
380	21 
381	6 
382	36 
383	5 
384	4 
385	29 
386	25 
387	1 
388	16 
389	14 
390	2 
391	10 
392	23 
393	36 
394	12 
395	31 
396	16 
397	21 
398	38 
399	41 
400	29 
401	39 
402	32 
403	27 
404	27 
405	40 
406	9 
407	11 
408	25 
409	5 
410	17 
411	32 
412	19 
413	36 
414	4 
415	39 
416	5 
417	31 
418	22 
419	38 
420	36 
421	19 
422	11 
423	9 
424	7 
425	9 
426	3 
427	29 
428	36 
429	31 
430	41 
431	26 
432	20 
433	4 
434	6 
435	10 
436	3 
437	10 
438	32 
439	36 
440	5 
441	6 
442	13 
443	17 
444	4 
445	6 
446	25 
447	3 
448	17 
449	6 
450	23 
451	22 
452	23 
453	11 
454	22 
455	4 
456	31 
457	41 
458	20 
459	33 
460	3 
461	29 
462	34 
463	9 
464	19 
465	16 
466	31 
467	17 
468	31 
469	39 
470	40 
471	25 
472	28 
473	6 
474	30 
475	2 
476	3 
477	13 
478	1 
479	9 
480	12 
481	22 
482	31 
483	4 
484	1 
485	20 
486	28 
487	9 
488	18 
489	3 
490	9 
491	21 
492	20 
493	4 
494	36 
495	5 
496	18 
497	8 
498	27 
499	1 
500	8 
501	36 
502	14 
503	41 
504	36 
505	17 
506	30 
507	3 
508	36 
509	13 
510	27 
511	22 
512	37 
513	20 
514	18 
515	16 
516	16 
517	4 
518	15 
519	13 
520	3 
521	11 
522	3 
523	3 
524	22 
525	16 
526	27 
527	9 
528	36 
529	17 
530	5 
531	31 
532	28 
533	41 
534	9 
535	40 
536	4 
537	33 
538	17 
539	2 
540	5 
541	16 
542	11 
543	18 
544	38 
545	40 
546	25 
547	16 
548	4 
549	25 
550	31 
551	14 
552	20 
553	16 
554	31 
555	23 
556	28 
557	1 
558	12 
559	14 
560	38 
561	15 
562	27 
563	11 
564	41 
565	15 
566	30 
567	28 
568	3 
569	8 
570	18 
571	3 
572	18 
573	28 
574	36 
575	29 
576	33 
577	31 
578	5 
579	39 
580	4 
581	17 
582	18 
583	30 
584	13 
585	27 
586	28 
587	23 
588	13 
589	38 
590	32 
591	31 
592	40 
593	11 
594	2 
595	4 
596	28 
597	11 
598	6 
599	36 
600	33 
601	1 
602	9 
603	25 
604	29 
605	26 
606	3 
607	4 
608	41 
609	13 
610	30 
611	13 
612	41 
613	3 
614	29 
615	32 
616	30 
617	4 
618	8 
619	4 
620	6 
621	28 
622	35 
623	14 
624	10 
625	22 
626	33 
627	15 
628	36 
629	8 
630	31 
631	4 
632	38 
633	1 
634	4 
635	28 
636	11 
637	40 
638	39 
639	27 
640	11 
641	16 
642	12 
643	31 
644	17 
645	41 
646	28 
647	1 
648	2 
649	3 
650	29 
651	2 
652	3 
653	13 
654	4 
655	7 
656	6 
657	19 
658	38 
659	13 
660	11 
661	27 
662	30 
663	5 
664	33 
665	27 
666	15 
667	19 
668	20 
669	26 
670	26 
671	39 
672	1 
673	32 
674	9 
675	4 
676	33 
677	18 
678	6 
679	3 
680	29 
681	12 
682	31 
683	38 
684	11 
685	35 
686	11 
687	13 
688	19 
689	38 
690	31 
691	5 
692	21 
693	5 
694	40 
695	16 
696	14 
697	13 
698	11 
699	40 
700	17 
701	36 
702	13 
703	32 
704	36 
705	36 
706	13 
707	12 
708	16 
709	4 
710	17 
711	7 
712	7 
713	5 
714	27 
715	4 
716	28 
717	12 
718	20 
719	19 
720	26 
721	28 
722	28 
723	13 
724	26 
725	11 
726	23 
727	22 
728	13 
729	41 
730	16 
731	1 
732	11 
733	4 
734	13 
735	5 
736	14 
737	16 
738	20 
739	3 
740	26 
741	24 
742	29 
743	27 
744	23 
745	16 
746	2 
747	27 
748	11 
749	41 
750	25 
751	19 
752	11 
753	5 
754	16 
755	29 
756	29 
757	39 
758	37 
759	13 
760	27 
761	36 
762	20 
763	31 
764	32 
765	16 
766	2 
767	41 
768	24 
769	27 
770	19 
771	38 
772	14 
773	38 
774	11 
775	3 
776	9 
777	16 
778	18 
779	41 
780	5 
781	22 
782	23 
783	35 
784	20 
785	13 
786	13 
787	2 
788	41 
789	29 
790	18 
791	31 
792	5 
793	41 
794	28 
795	18 
796	15 
797	15 
798	22 
799	6 
800	24 
801	36 
802	30 
803	39 
804	1 
805	9 
806	1 
807	29 
808	24 
809	20 
810	24 
811	13 
812	41 
813	37 
814	20 
815	11 
816	1 
817	26 
818	15 
819	41 
820	13 
821	16 
822	25 
823	15 
824	2 
825	41 
826	6 
827	40 
828	19 
829	40 
830	32 
831	38 
832	33 
833	12 
834	27 
835	32 
836	5 
837	17 
838	13 
839	10 
840	33 
841	33 
842	5 
843	5 
844	8 
845	15 
846	11 
847	27 
848	4 
849	15 
850	11 
851	13 
852	32 
853	39 
854	31 
855	17 
856	16 
857	12 
858	3 
859	15 
860	26 
861	2 
862	41 
863	26 
864	41 
865	19 
866	1 
867	7 
868	4 
869	3 
870	15 
871	31 
872	26 
873	40 
874	29 
875	15 
876	13 
877	8 
878	33 
879	34 
880	39 
881	9 
882	37 
883	14 
884	36 
885	39 
886	33 
887	2 
888	3 
889	13 
890	41 
891	31 
892	10 
893	11 
894	13 
895	34 
896	3 
897	36 
898	27 
899	32 
900	41 
901	36 
902	29 
903	16 
904	16 
905	32 
906	5 
907	6 
908	12 
909	12 
910	1 
911	41 
912	4 
913	4 
914	1 
915	33 
916	14 
917	3 
918	39 
919	29 
920	33 
921	1 
922	3 
923	25 
924	2 
925	9 
926	32 
927	25 
928	26 
929	3 
930	41 
931	4 
932	35 
933	29 
934	33 
935	4 
936	38 
937	3 
938	11 
939	23 
940	10 
941	27 
942	37 
943	41 
944	16 
945	12 
946	40 
947	25 
948	9 
949	28 
950	8 
951	7 
952	38 
953	4 
954	6 
955	14 
956	22 
957	18 
958	31 
959	16 
960	18 
961	4 
962	38 
963	2 
964	21 
965	26 
966	6 
967	4 
968	5 
969	25 
970	8 
971	5 
972	13 
973	15 
974	7 
975	4 
976	18 
977	2 
978	14 
979	41 
980	17 
981	31 
982	12 
983	32 
984	33 
985	6 
986	14 
987	41 
988	25 
989	17 
990	10 
991	38 
992	27 
993	9 
994	33 
995	10 
996	1 
997	1 
998	17 
999	27 
1000	12 
1001	39 
1002	38 
1003	15 
1004	9 
1005	38 
1006	41 
1007	10 
1008	22 
1009	30 
1010	41 
1011	28 
1012	38 
1013	5 
1014	15 
1015	41 
1016	37 
1017	38 
1018	32 
1019	39 
1020	18 
1021	40 
1022	41 
1023	28 
1024	40 
1025	9 
1026	10 
1027	36 
1028	33 
1029	41 
1030	16 
1031	18 
1032	33 
1033	6 
1034	5 
1035	28 
1036	4 
1037	12 
1038	26 
1039	13 
1040	11 
1041	27 
1042	26 
1043	13 
1044	15 
1045	23 
1046	11 
1047	4 
1048	27 
1049	8 
1050	29 
1051	31 
1052	18 
1053	41 
1054	26 
1055	12 
1056	26 
1057	33 
1058	32 
1059	37 
1060	19 
1061	19 
1062	38 
1063	26 
1064	3 
1065	14 
1066	24 
1067	38 
1068	29 
1069	19 
1070	37 
1071	20 
1072	26 
1073	13 
1074	26 
1075	21 
1076	26 
1077	9 
1078	4 
1079	27 
1080	17 
1081	7 
1082	5 
1083	14 
1084	10 
1085	16 
1086	11 
1087	10 
1088	32 
1089	15 
1090	25 
1091	28 
1092	20 
1093	28 
1094	41 
1095	13 
1096	15 
1097	15 
1098	26 
1099	2 
1100	41 
1101	19 
1102	5 
1103	39 
1104	27 
1105	30 
1106	41 
1107	5 
1108	26 
1109	15 
1110	31 
1111	21 
1112	38 
1113	35 
1114	15 
1115	34 
1116	16 
1117	6 
1118	33 
1119	35 
1120	26 
1121	3 
1122	26 
1123	5 
1124	3 
1125	14 
1126	4 
1127	32 
1128	7 
1129	22 
1130	31 
1131	4 
1132	10 
1133	17 
1134	22 
1135	5 
1136	27 
1137	13 
1138	32 
1139	21 
1140	34 
1141	7 
1142	17 
1143	22 
1144	38 
1145	34 
1146	41 
1147	15 
1148	32 
1149	10 
1150	19 
1151	3 
1152	18 
1153	19 
1154	8 
1155	18 
1156	41 
1157	11 
1158	13 
1159	35 
1160	11 
1161	28 
1162	5 
1163	23 
1164	17 
1165	41 
1166	9 
1167	18 
1168	28 
1169	38 
1170	12 
1171	39 
1172	11 
1173	1 
1174	33 
1175	5 
1176	18 
1177	21 
1178	40 
1179	30 
1180	35 
1181	22 
1182	9 
1183	24 
1184	10 
1185	31 
1186	11 
1187	18 
1188	13 
1189	29 
1190	2 
1191	32 
1192	14 
1193	8 
1194	34 
1195	41 
1196	1 
1197	8 
1198	3 
1199	16 
1200	41 
1201	34 
1202	8 
1203	29 
1204	19 
1205	26 
1206	15 
1207	19 
1208	25 
1209	29 
1210	34 
1211	17 
1212	27 
1213	9 
1214	12 
1215	5 
1216	21 
1217	17 
1218	1 
1219	36 
1220	12 
1221	15 
1222	19 
1223	27 
1224	31 
1225	36 
1226	29 
1227	3 
1228	29 
1229	26 
1230	5 
1231	41 
1232	25 
1233	3 
1234	28 
1235	3 
1236	11 
1237	16 
1238	25 
1239	41 
1240	1 
1241	18 
1242	1 
1243	14 
1244	16 
1245	41 
1246	38 
1247	19 
1248	9 
1249	41 
1250	29 
1251	6 
1252	40 
1253	29 
1254	12 
1255	31 
1256	9 
1257	17 
1258	5 
1259	32 
1260	27 
1261	16 
1262	31 
1263	29 
1264	29 
1265	4 
1266	32 
1267	17 
1268	24 
1269	30 
1270	36 
1271	15 
1272	37 
1273	3 
1274	26 
1275	11 
1276	17 
1277	14 
1278	7 
1279	34 
1280	19 
1281	31 
1282	26 
1283	14 
1284	37 
1285	13 
1286	16 
1287	11 
1288	32 
1289	19 
1290	11 
1291	38 
1292	34 
1293	26 
1294	36 
1295	13 
1296	23 
1297	21 
1298	5 
1299	31 
1300	13 
1301	18 
1302	5 
1303	5 
1304	39 
1305	4 
1306	19 
1307	11 
1308	36 
1309	3 
1310	37 
1311	4 
1312	32 
1313	2 
1314	1 
1315	6 
1316	21 
1317	2 
1318	32 
1319	19 
1320	23 
1321	12 
1322	7 
1323	41 
1324	11 
1325	40 
1326	18 
1327	39 
1328	18 
1329	13 
1330	39 
1331	2 
1332	24 
1333	1 
1334	1 
1335	25 
1336	36 
1337	20 
1338	33 
1339	6 
1340	14 
1341	23 
1342	15 
1343	26 
1344	17 
1345	11 
1346	22 
1347	32 
1348	21 
1349	12 
1350	27 
1351	2 
1352	41 
1353	14 
1354	1 
1355	38 
1356	27 
1357	33 
1358	35 
1359	5 
1360	40 
1361	17 
1362	32 
1363	11 
1364	7 
1365	36 
1366	12 
1367	5 
1368	1 
1369	16 
1370	4 
1371	6 
1372	17 
1373	31 
1374	16 
1375	20 
1376	9 
1377	31 
1378	3 
1379	35 
1380	31 
1381	25 
1382	24 
1383	36 
1384	41 
1385	41 
1386	15 
1387	25 
1388	24 
1389	32 
1390	20 
1391	28 
1392	28 
1393	41 
1394	25 
1395	1 
1396	12 
1397	1 
1398	27 
1399	36 
1400	8 
1401	15 
1402	13 
1403	10 
1404	25 
1405	38 
1406	5 
1407	4 
1408	15 
1409	21 
1410	32 
1411	37 
1412	3 
1413	9 
1414	40 
1415	30 
1416	26 
1417	4 
1418	38 
1419	11 
1420	17 
1421	9 
1422	34 
1423	17 
1424	5 
1425	16 
1426	2 
1427	27 
1428	11 
1429	19 
1430	14 
1431	34 
1432	28 
1433	1 
1434	34 
1435	33 
1436	9 
1437	15 
1438	18 
1439	27 
1440	14 
1441	40 
1442	8 
1443	7 
1444	41 
1445	14 
1446	41 
1447	14 
1448	6 
1449	41 
1450	16 
1451	26 
1452	41 
1453	21 
1454	10 
1455	36 
1456	9 
1457	1 
1458	29 
1459	36 
1460	15 
1461	13 
1462	7 
1463	17 
1464	40 
1465	16 
1466	36 
1467	41 
1468	15 
1469	15 
1470	27 
1471	32 
1472	20 
1473	13 
1474	14 
1475	5 
1476	14 
1477	29 
1478	41 
1479	26 
1480	14 
1481	31 
1482	21 
1483	34 
1484	17 
1485	41 
1486	10 
1487	32 
1488	29 
1489	40 
1490	37 
1491	31 
1492	41 
1493	20 
1494	29 
1495	3 
1496	35 
1497	25 
1498	38 
1499	33 
1500	10 
1501	23 
1502	17 
1503	3 
1504	40 
1505	6 
1506	41 
1507	10 
1508	7 
1509	37 
1510	20 
1511	13 
1512	40 
1513	1 
1514	41 
1515	31 
1516	1 
1517	11 
1518	37 
1519	34 
1520	41 
1521	5 
1522	26 
1523	15 
1524	3 
1525	2 
1526	15 
1527	36 
1528	9 
1529	32 
1530	30 
1531	39 
1532	7 
1533	6 
1534	16 
1535	4 
1536	38 
1537	32 
1538	29 
1539	36 
1540	26 
1541	41 
1542	17 
1543	31 
1544	22 
1545	5 
1546	29 
1547	27 
1548	17 
1549	15 
1550	12 
1551	5 
1552	29 
1553	4 
1554	32 
1555	40 
1556	2 
1557	1 
1558	25 
1559	7 
1560	3 
1561	30 
1562	3 
1563	13 
1564	38 
1565	1 
1566	10 
1567	40 
1568	36 
1569	9 
1570	32 
1571	36 
1572	28 
1573	9 
1574	1 
1575	29 
1576	20 
1577	11 
1578	15 
1579	9 
1580	26 
1581	14 
1582	17 
1583	31 
1584	13 
1585	29 
1586	38 
1587	15 
1588	37 
1589	41 
1590	32 
1591	6 
1592	20 
1593	16 
1594	11 
1595	41 
1596	4 
1597	38 
1598	3 
1599	3 
1600	3 
1601	26 
1602	32 
1603	30 
1604	15 
1605	5 
1606	27 
1607	32 
1608	11 
1609	26 
1610	13 
1611	19 
1612	11 
1613	36 
1614	26 
1615	38 
1616	5 
1617	37 
1618	2 
1619	26 
1620	36 
1621	12 
1622	4 
1623	20 
1624	11 
1625	16 
1626	34 
1627	27 
1628	4 
1629	26 
1630	26 
1631	33 
1632	14 
1633	2 
1634	39 
1635	20 
1636	3 
1637	24 
1638	41 
1639	28 
1640	9 
1641	30 
1642	12 
1643	20 
1644	16 
1645	27 
1646	28 
1647	10 
1648	7 
1649	26 
1650	11 
1651	8 
1652	11 
1653	13 
1654	13 
1655	28 
1656	12 
1657	2 
1658	4 
1659	3 
1660	4 
1661	36 
1662	9 
1663	29 
1664	34 
1665	4 
1666	40 
1667	32 
1668	3 
1669	2 
1670	21 
1671	40 
1672	13 
1673	32 
1674	30 
1675	18 
1676	1 
1677	28 
1678	2 
1679	32 
1680	26 
1681	19 
1682	2 
1683	32 
1684	12 
1685	31 
1686	3 
1687	29 
1688	31 
1689	37 
1690	2 
1691	11 
1692	15 
1693	29 
1694	13 
1695	14 
1696	23 
1697	29 
1698	4 
1699	39 
1700	1 
1701	3 
1702	29 
1703	8 
1704	30 
1705	32 
1706	41 
1707	14 
1708	6 
1709	13 
1710	16 
1711	18 
1712	6 
1713	41 
1714	31 
1715	31 
1716	4 
1717	31 
1718	27 
1719	27 
1720	16 
1721	4 
1722	17 
1723	35 
1724	15 
1725	39 
1726	38 
1727	13 
1728	14 
1729	15 
1730	17 
1731	17 
1732	2 
1733	8 
1734	13 
1735	17 
1736	12 
1737	2 
1738	29 
1739	37 
1740	36 
1741	3 
1742	11 
1743	14 
1744	1 
1745	27 
1746	2 
1747	26 
1748	16 
1749	25 
1750	25 
1751	1 
1752	15 
1753	37 
1754	33 
1755	5 
1756	9 
1757	12 
1758	30 
1759	11 
1760	41 
1761	10 
1762	1 
1763	26 
1764	22 
1765	3 
1766	40 
1767	39 
1768	4 
1769	26 
1770	26 
1771	11 
1772	1 
1773	16 
1774	6 
1775	25 
1776	18 
1777	34 
1778	39 
1779	36 
1780	15 
1781	28 
1782	37 
1783	17 
1784	18 
1785	5 
1786	15 
1787	24 
1788	16 
1789	38 
1790	16 
1791	22 
1792	4 
1793	13 
1794	12 
1795	14 
1796	16 
1797	2 
1798	33 
1799	27 
1800	11 
1801	15 
1802	9 
1803	13 
1804	12 
1805	9 
1806	3 
1807	3 
1808	19 
1809	2 
1810	4 
1811	13 
1812	37 
1813	16 
1814	8 
1815	13 
1816	17 
1817	36 
1818	34 
1819	16 
1820	37 
1821	22 
1822	4 
1823	4 
1824	20 
1825	38 
1826	3 
1827	4 
1828	5 
1829	11 
1830	41 
1831	4 
1832	13 
1833	36 
1834	5 
1835	24 
1836	20 
1837	31 
1838	1 
1839	38 
1840	4 
1841	26 
1842	17 
1843	6 
1844	14 
1845	23 
1846	13 
1847	37 
1848	33 
1849	6 
1850	3 
1851	20 
1852	31 
1853	29 
1854	34 
1855	32 
1856	20 
1857	26 
1858	11 
1859	26 
1860	24 
1861	5 
1862	38 
1863	26 
1864	2 
1865	13 
1866	26 
1867	28 
1868	2 
1869	27 
1870	25 
1871	32 
1872	26 
1873	17 
1874	25 
1875	17 
1876	39 
1877	9 
1878	25 
1879	5 
1880	20 
1881	38 
1882	15 
1883	11 
1884	27 
1885	31 
1886	29 
1887	22 
1888	34 
1889	3 
1890	9 
1891	24 
1892	20 
1893	20 
1894	3 
1895	3 
1896	3 
1897	32 
1898	36 
1899	15 
1900	5 
1901	41 
1902	20 
1903	39 
1904	13 
1905	26 
1906	12 
1907	12 
1908	32 
1909	11 
1910	41 
1911	40 
1912	3 
1913	40 
1914	5 
1915	29 
1916	2 
1917	41 
1918	21 
1919	16 
1920	11 
1921	16 
1922	39 
1923	9 
1924	14 
1925	9 
1926	28 
1927	29 
1928	15 
1929	26 
1930	16 
1931	31 
1932	5 
1933	39 
1934	15 
1935	13 
1936	10 
1937	3 
1938	28 
1939	4 
1940	14 
1941	2 
1942	4 
1943	24 
1944	37 
1945	37 
1946	17 
1947	33 
1948	22 
1949	36 
1950	31 
1951	36 
1952	17 
1953	12 
1954	36 
1955	26 
1956	2 
1957	26 
1958	31 
1959	36 
1960	38 
1961	9 
1962	36 
1963	5 
1964	4 
1965	38 
1966	18 
1967	36 
1968	41 
1969	17 
1970	32 
1971	4 
1972	31 
1973	4 
1974	26 
1975	14 
1976	9 
1977	41 
1978	23 
1979	41 
1980	29 
1981	29 
1982	14 
1983	13 
1984	4 
1985	3 
1986	20 
1987	16 
1988	10 
1989	17 
1990	29 
1991	2 
1992	11 
1993	15 
1994	23 
1995	1 
1996	26 
1997	32 
1998	29 
1999	36 
2000	40 
2001	2 
2002	21 
2003	41 
2004	1 
2005	1 
2006	4 
2007	3 
2008	41 
2009	2 
2010	1 
2011	17 
2012	11 
2013	41 
2014	11 
2015	29 
2016	21 
2017	18 
2018	19 
2019	15 
2020	4 
2021	10 
2022	2 
2023	11 
2024	15 
2025	10 
2026	18 
2027	4 
2028	18 
2029	39 
2030	36 
2031	12 
2032	15 
2033	18 
2034	38 
2035	3 
2036	7 
2037	41 
2038	11 
2039	12 
2040	11 
2041	16 
2042	24 
2043	28 
2044	33 
2045	25 
2046	41 
2047	11 
2048	29 
2049	14 
2050	19 
2051	27 
2052	8 
2053	27 
2054	22 
2055	32 
2056	14 
2057	1 
2058	19 
2059	17 
2060	15 
2061	33 
2062	2 
2063	13 
2064	39 
2065	25 
2066	32 
2067	16 
2068	15 
2069	1 
2070	31 
2071	5 
2072	41 
2073	29 
2074	4 
2075	35 
2076	24 
2077	25 
2078	13 
2079	33 
2080	37 
2081	3 
2082	15 
2083	14 
2084	18 
2085	8 
2086	22 
2087	18 
2088	26 
2089	41 
2090	9 
2091	11 
2092	15 
2093	18 
2094	32 
2095	3 
2096	2 
2097	16 
2098	2 
2099	19 
2100	4 
2101	32 
2102	13 
2103	6 
2104	15 
2105	37 
2106	20 
2107	15 
2108	14 
2109	32 
2110	11 
2111	13 
2112	4 
2113	4 
2114	29 
2115	40 
2116	32 
2117	8 
2118	33 
2119	2 
2120	2 
2121	4 
2122	21 
2123	26 
2124	33 
2125	6 
2126	39 
2127	39 
2128	29 
2129	20 
2130	31 
2131	12 
2132	31 
2133	1 
2134	14 
2135	17 
2136	1 
2137	11 
2138	26 
2139	41 
2140	4 
2141	14 
2142	29 
2143	17 
2144	22 
2145	5 
2146	16 
2147	31 
2148	2 
2149	29 
2150	3 
2151	16 
2152	38 
2153	21 
2154	34 
2155	5 
2156	41 
2157	4 
2158	20 
2159	11 
2160	25 
2161	2 
2162	3 
2163	33 
2164	9 
2165	19 
2166	26 
2167	29 
2168	32 
2169	3 
2170	27 
2171	36 
2172	13 
2173	4 
2174	15 
2175	32 
2176	15 
2177	29 
2178	14 
2179	32 
2180	1 
2181	1 
2182	32 
2183	4 
2184	41 
2185	15 
2186	18 
2187	25 
2188	36 
2189	31 
2190	29 
2191	32 
2192	40 
2193	15 
2194	37 
2195	11 
2196	32 
2197	3 
2198	30 
2199	3 
2200	16 
2201	5 
2202	17 
2203	4 
2204	23 
2205	26 
2206	15 
2207	18 
2208	26 
2209	36 
2210	13 
2211	38 
2212	41 
2213	7 
2214	9 
2215	39 
2216	40 
2217	13 
2218	1 
2219	26 
2220	32 
2221	41 
2222	8 
2223	6 
2224	21 
2225	5 
2226	8 
2227	26 
2228	11 
2229	26 
2230	6 
2231	33 
2232	2 
2233	1 
2234	5 
2235	36 
2236	2 
2237	6 
2238	4 
2239	37 
2240	3 
2241	2 
2242	16 
2243	5 
2244	38 
2245	12 
2246	11 
2247	39 
2248	3 
2249	30 
2250	32 
2251	11 
2252	29 
2253	3 
2254	19 
2255	2 
2256	9 
2257	27 
2258	38 
2259	18 
2260	2 
2261	5 
2262	16 
2263	4 
2264	11 
2265	40 
2266	17 
2267	17 
2268	36 
2269	29 
2270	16 
2271	13 
2272	14 
2273	2 
2274	32 
2275	14 
2276	4 
2277	26 
2278	14 
2279	24 
2280	26 
2281	38 
2282	13 
2283	2 
2284	6 
2285	32 
2286	1 
2287	32 
2288	39 
2289	18 
2290	28 
2291	17 
2292	30 
2293	17 
2294	18 
2295	8 
2296	13 
2297	40 
2298	7 
2299	21 
2300	29 
2301	32 
2302	27 
2303	4 
2304	20 
2305	18 
2306	3 
2307	36 
2308	11 
2309	15 
2310	3 
2311	6 
2312	34 
2313	37 
2314	27 
2315	32 
2316	24 
2317	31 
2318	15 
2319	25 
2320	29 
2321	14 
2322	7 
2323	3 
2324	40 
2325	29 
2326	27 
2327	23 
2328	26 
2329	41 
2330	9 
2331	22 
2332	29 
2333	39 
2334	38 
2335	4 
2336	5 
2337	29 
2338	13 
2339	38 
2340	29 
2341	5 
2342	41 
2343	3 
2344	2 
2345	3 
2346	3 
2347	13 
2348	4 
2349	25 
2350	16 
2351	18 
2352	3 
2353	15 
2354	41 
2355	17 
2356	27 
2357	13 
2358	26 
2359	17 
2360	2 
2361	14 
2362	13 
2363	15 
2364	41 
2365	27 
2366	17 
2367	12 
2368	37 
2369	29 
2370	3 
2371	1 
2372	22 
2373	1 
2374	35 
2375	15 
2376	13 
2377	11 
2378	41 
2379	36 
2380	26 
2381	12 
2382	32 
2383	19 
2384	9 
2385	11 
2386	24 
2387	13 
2388	1 
2389	19 
2390	29 
2391	3 
2392	26 
2393	5 
2394	20 
2395	16 
2396	1 
2397	22 
2398	15 
2399	26 
2400	5 
2401	5 
2402	15 
2403	30 
2404	41 
2405	23 
2406	23 
2407	12 
2408	32 
2409	30 
2410	32 
2411	38 
2412	3 
2413	36 
2414	5 
2415	15 
2416	32 
2417	5 
2418	2 
2419	29 
2420	11 
2421	17 
2422	4 
2423	9 
2424	31 
2425	1 
2426	13 
2427	27 
2428	20 
2429	25 
2430	30 
2431	11 
2432	33 
2433	29 
2434	32 
2435	23 
2436	4 
2437	22 
2438	12 
2439	4 
2440	29 
2441	18 
2442	41 
2443	19 
2444	29 
2445	31 
2446	12 
2447	29 
2448	25 
2449	16 
2450	32 
2451	4 
2452	23 
2453	9 
2454	35 
2455	14 
2456	29 
2457	31 
2458	35 
2459	12 
2460	34 
2461	22 
2462	32 
2463	12 
2464	4 
2465	26 
2466	22 
2467	9 
2468	34 
2469	15 
2470	3 
2471	5 
2472	6 
2473	19 
2474	4 
2475	11 
2476	41 
2477	11 
2478	11 
2479	3 
2480	41 
2481	2 
2482	41 
2483	3 
2484	4 
2485	5 
2486	2 
2487	36 
2488	2 
2489	14 
2490	5 
2491	41 
2492	17 
2493	7 
2494	3 
2495	41 
2496	39 
2497	6 
2498	15 
2499	26 
2500	4 
2501	1 
2502	11 
2503	27 
2504	31 
2505	26 
2506	22 
2507	26 
2508	3 
2509	38 
2510	9 
2511	11 
2512	5 
2513	8 
2514	38 
2515	1 
2516	36 
2517	19 
2518	33 
2519	21 
2520	38 
2521	2 
2522	2 
2523	10 
2524	21 
2525	5 
2526	19 
2527	13 
2528	11 
2529	22 
2530	41 
2531	7 
2532	27 
2533	33 
2534	37 
2535	13 
2536	1 
2537	16 
2538	19 
2539	31 
2540	14 
2541	14 
2542	10 
2543	20 
2544	11 
2545	28 
2546	7 
2547	17 
2548	19 
2549	12 
2550	11 
2551	34 
2552	16 
2553	30 
2554	41 
2555	20 
2556	31 
2557	3 
2558	10 
2559	13 
2560	13 
2561	37 
2562	41 
2563	17 
2564	27 
2565	9 
2566	5 
2567	19 
2568	31 
2569	8 
2570	4 
2571	22 
2572	35 
2573	13 
2574	2 
2575	17 
2576	40 
2577	11 
2578	5 
2579	17 
2580	19 
2581	34 
2582	6 
2583	5 
2584	28 
2585	13 
2586	22 
2587	28 
2588	16 
2589	35 
2590	4 
2591	19 
2592	30 
2593	18 
2594	5 
2595	34 
2596	1 
2597	13 
2598	41 
2599	29 
2600	4 
2601	36 
2602	22 
2603	33 
2604	12 
2605	7 
2606	18 
2607	23 
2608	22 
2609	38 
2610	11 
2611	8 
2612	25 
2613	12 
2614	3 
2615	19 
2616	6 
2617	35 
2618	9 
2619	29 
2620	6 
2621	19 
2622	12 
2623	37 
2624	6 
2625	6 
2626	30 
2627	14 
2628	29 
2629	1 
2630	34 
2631	39 
2632	19 
2633	4 
2634	3 
2635	26 
2636	15 
2637	39 
2638	4 
2639	4 
2640	5 
2641	3 
2642	26 
2643	22 
2644	40 
2645	18 
2646	32 
2647	11 
2648	25 
2649	41 
2650	4 
2651	13 
2652	29 
2653	11 
2654	9 
2655	36 
2656	36 
2657	6 
2658	12 
2659	9 
2660	18 
2661	17 
2662	27 
2663	41 
2664	15 
2665	16 
2666	31 
2667	2 
2668	18 
2669	13 
2670	14 
2671	18 
2672	31 
2673	5 
2674	33 
2675	27 
2676	41 
2677	3 
2678	31 
2679	5 
2680	16 
2681	8 
2682	8 
2683	25 
2684	15 
2685	20 
2686	7 
2687	32 
2688	26 
2689	15 
2690	1 
2691	32 
2692	1 
2693	11 
2694	31 
2695	18 
2696	26 
2697	5 
2698	36 
2699	37 
2700	9 
2701	36 
2702	28 
2703	15 
2704	5 
2705	41 
2706	13 
2707	14 
2708	11 
2709	41 
2710	3 
2711	29 
2712	3 
2713	4 
2714	20 
2715	32 
2716	36 
2717	38 
2718	15 
2719	13 
2720	36 
2721	6 
2722	1 
2723	3 
2724	5 
2725	11 
2726	41 
2727	2 
2728	13 
2729	12 
2730	7 
2731	18 
2732	16 
2733	1 
2734	3 
2735	38 
2736	32 
2737	30 
2738	29 
2739	40 
2740	13 
2741	15 
2742	10 
2743	36 
2744	4 
2745	6 
2746	39 
2747	2 
2748	21 
2749	18 
2750	17 
2751	33 
2752	13 
2753	5 
2754	9 
2755	6 
2756	6 
2757	11 
2758	38 
2759	37 
2760	41 
2761	22 
2762	36 
2763	9 
2764	14 
2765	11 
2766	7 
2767	27 
2768	41 
2769	13 
2770	26 
2771	26 
2772	9 
2773	41 
2774	9 
2775	29 
2776	14 
2777	17 
2778	19 
2779	24 
2780	32 
2781	18 
2782	17 
2783	34 
2784	32 
2785	9 
2786	21 
2787	22 
2788	6 
2789	12 
2790	1 
2791	29 
2792	2 
2793	14 
2794	8 
2795	8 
2796	35 
2797	17 
2798	14 
2799	16 
2800	14 
2801	14 
2802	2 
2803	3 
2804	3 
2805	5 
2806	38 
2807	9 
2808	29 
2809	33 
2810	4 
2811	4 
2812	5 
2813	41 
2814	1 
2815	29 
2816	38 
2817	20 
2818	12 
2819	29 
2820	1 
2821	37 
2822	18 
2823	30 
2824	26 
2825	13 
2826	24 
2827	23 
2828	16 
2829	41 
2830	21 
2831	5 
2832	6 
2833	33 
2834	35 
2835	1 
2836	39 
2837	41 
2838	38 
2839	5 
2840	15 
2841	15 
2842	2 
2843	5 
2844	10 
2845	15 
2846	37 
2847	12 
2848	31 
2849	15 
2850	27 
2851	17 
2852	25 
2853	2 
2854	25 
2855	19 
2856	8 
2857	4 
2858	16 
2859	23 
2860	5 
2861	17 
2862	30 
2863	41 
2864	33 
2865	7 
2866	3 
2867	6 
2868	12 
2869	41 
2870	18 
2871	15 
2872	35 
2873	4 
2874	30 
2875	19 
2876	5 
2877	3 
2878	11 
2879	31 
2880	6 
2881	2 
2882	20 
2883	39 
2884	6 
2885	37 
2886	16 
2887	41 
2888	3 
2889	18 
2890	33 
2891	5 
2892	31 
2893	16 
2894	25 
2895	3 
2896	31 
2897	18 
2898	41 
2899	2 
2900	35 
2901	41 
2902	10 
2903	28 
2904	2 
2905	18 
2906	1 
2907	26 
2908	13 
2909	13 
2910	4 
2911	22 
2912	9 
2913	38 
2914	6 
2915	32 
2916	34 
2917	1 
2918	7 
2919	24 
2920	24 
2921	22 
2922	15 
2923	22 
2924	17 
2925	31 
2926	11 
2927	4 
2928	41 
2929	17 
2930	13 
2931	18 
2932	5 
2933	1 
2934	25 
2935	16 
2936	14 
2937	38 
2938	27 
2939	23 
2940	29 
2941	16 
2942	15 
2943	20 
2944	27 
2945	6 
2946	13 
2947	40 
2948	19 
2949	21 
2950	31 
2951	6 
2952	28 
2953	8 
2954	38 
2955	36 
2956	15 
2957	2 
2958	14 
2959	39 
2960	1 
2961	19 
2962	21 
2963	1 
2964	12 
2965	39 
2966	11 
2967	31 
2968	11 
2969	27 
2970	13 
2971	6 
2972	33 
2973	17 
2974	29 
2975	24 
2976	41 
2977	15 
2978	20 
2979	5 
2980	26 
2981	37 
2982	4 
2983	1 
2984	19 
2985	14 
2986	38 
2987	40 
2988	28 
2989	26 
2990	26 
2991	24 
2992	26 
2993	12 
2994	32 
2995	17 
2996	31 
2997	1 
2998	21 
2999	17 
3000	36 
3001	15 
3002	3 
3003	29 
3004	28 
3005	27 
3006	4 
3007	32 
3008	38 
3009	27 
3010	33 
3011	22 
3012	9 
3013	12 
3014	17 
3015	31 
3016	37 
3017	9 
3018	14 
3019	15 
3020	21 
3021	3 
3022	9 
3023	1 
3024	26 
3025	4 
3026	23 
3027	16 
3028	38 
3029	14 
3030	17 
3031	3 
3032	13 
3033	20 
3034	5 
3035	16 
3036	41 
3037	33 
3038	14 
3039	14 
3040	23 
3041	31 
3042	37 
3043	9 
3044	3 
3045	21 
3046	3 
3047	14 
3048	11 
3049	31 
3050	18 
3051	20 
3052	23 
3053	6 
3054	11 
3055	5 
3056	8 
3057	14 
3058	15 
3059	5 
3060	22 
3061	13 
3062	15 
3063	14 
3064	6 
3065	35 
3066	30 
3067	39 
3068	8 
3069	12 
3070	13 
3071	16 
3072	29 
3073	17 
3074	19 
3075	21 
3076	39 
3077	1 
3078	29 
3079	41 
3080	29 
3081	17 
3082	5 
3083	30 
3084	39 
3085	41 
3086	27 
3087	20 
3088	28 
3089	32 
3090	21 
3091	24 
3092	26 
3093	18 
3094	16 
3095	4 
3096	19 
3097	32 
3098	13 
3099	2 
3100	11 
3101	9 
3102	3 
3103	11 
3104	6 
3105	4 
3106	13 
3107	33 
3108	9 
3109	34 
3110	23 
3111	36 
3112	26 
3113	38 
3114	16 
3115	36 
3116	1 
3117	25 
3118	14 
3119	29 
3120	35 
3121	29 
3122	1 
3123	3 
3124	25 
3125	8 
3126	13 
3127	17 
3128	26 
3129	17 
3130	29 
3131	41 
3132	5 
3133	38 
3134	1 
3135	37 
3136	10 
3137	40 
3138	39 
3139	2 
3140	4 
3141	6 
3142	26 
3143	15 
3144	5 
3145	3 
3146	31 
3147	25 
3148	12 
3149	28 
3150	41 
3151	34 
3152	31 
3153	3 
3154	4 
3155	13 
3156	4 
3157	14 
3158	32 
3159	5 
3160	4 
3161	23 
3162	21 
3163	15 
3164	4 
3165	27 
3166	20 
3167	26 
3168	28 
3169	2 
3170	36 
3171	3 
3172	38 
3173	1 
3174	4 
3175	4 
3176	23 
3177	20 
3178	35 
3179	25 
3180	41 
3181	14 
3182	36 
3183	41 
3184	32 
3185	35 
3186	16 
3187	27 
3188	36 
3189	15 
3190	13 
3191	35 
3192	32 
3193	15 
3194	26 
3195	11 
3196	8 
3197	3 
3198	16 
3199	32 
3200	29 
3201	33 
3202	5 
3203	33 
3204	34 
3205	12 
3206	29 
3207	36 
3208	29 
3209	37 
3210	4 
3211	25 
3212	3 
3213	9 
3214	31 
3215	22 
3216	9 
3217	15 
3218	31 
3219	25 
3220	30 
3221	18 
3222	20 
3223	2 
3224	39 
3225	8 
3226	2 
3227	2 
3228	8 
3229	2 
3230	4 
3231	26 
3232	6 
3233	19 
3234	14 
3235	12 
3236	5 
3237	27 
3238	16 
3239	13 
3240	19 
3241	34 
3242	26 
3243	39 
3244	15 
3245	39 
3246	9 
3247	29 
3248	15 
3249	17 
3250	41 
3251	39 
3252	13 
3253	31 
3254	3 
3255	27 
3256	34 
3257	14 
3258	2 
3259	7 
3260	17 
3261	13 
3262	28 
3263	23 
3264	36 
3265	17 
3266	8 
3267	26 
3268	19 
3269	32 
3270	27 
3271	26 
3272	12 
3273	28 
3274	10 
3275	36 
3276	4 
3277	29 
3278	32 
3279	20 
3280	13 
3281	31 
3282	18 
3283	29 
3284	5 
3285	26 
3286	19 
3287	10 
3288	23 
3289	39 
3290	9 
3291	1 
3292	30 
3293	4 
3294	5 
3295	19 
3296	2 
3297	38 
3298	29 
3299	33 
3300	24 
3301	29 
3302	3 
3303	15 
3304	28 
3305	16 
3306	40 
3307	32 
3308	20 
3309	10 
3310	19 
3311	1 
3312	38 
3313	5 
3314	18 
3315	18 
3316	4 
3317	4 
3318	5 
3319	31 
3320	24 
3321	36 
3322	14 
3323	6 
3324	17 
3325	11 
3326	9 
3327	39 
3328	26 
3329	26 
3330	26 
3331	29 
3332	33 
3333	12 
3334	18 
3335	6 
3336	33 
3337	27 
3338	17 
3339	38 
3340	3 
3341	27 
3342	17 
3343	23 
3344	36 
3345	32 
3346	20 
3347	17 
3348	11 
3349	26 
3350	41 
3351	28 
3352	38 
3353	39 
3354	15 
3355	1 
3356	16 
3357	13 
3358	20 
3359	11 
3360	41 
3361	4 
3362	2 
3363	41 
3364	14 
3365	15 
3366	10 
3367	33 
3368	11 
3369	22 
3370	23 
3371	24 
3372	32 
3373	30 
3374	11 
3375	27 
3376	36 
3377	2 
3378	11 
3379	13 
3380	25 
3381	9 
3382	1 
3383	9 
3384	32 
3385	9 
3386	9 
3387	33 
3388	14 
3389	27 
3390	41 
3391	13 
3392	13 
3393	22 
3394	20 
3395	13 
3396	1 
3397	28 
3398	32 
3399	1 
3400	28 
3401	29 
3402	4 
3403	3 
3404	17 
3405	4 
3406	18 
3407	33 
3408	3 
3409	27 
3410	3 
3411	4 
3412	29 
3413	41 
3414	15 
3415	1 
3416	41 
3417	11 
3418	1 
3419	5 
3420	3 
3421	35 
3422	36 
3423	35 
3424	29 
3425	41 
3426	38 
3427	11 
3428	9 
3429	19 
3430	26 
3431	21 
3432	16 
3433	27 
3434	24 
3435	30 
3436	4 
3437	15 
3438	14 
3439	2 
3440	27 
3441	4 
3442	14 
3443	40 
3444	19 
3445	3 
3446	27 
3447	40 
3448	14 
3449	33 
3450	20 
3451	33 
3452	6 
3453	34 
3454	21 
3455	2 
3456	40 
3457	1 
3458	13 
3459	11 
3460	17 
3461	25 
3462	37 
3463	38 
3464	9 
3465	41 
3466	27 
3467	16 
3468	25 
3469	39 
3470	41 
3471	8 
3472	28 
3473	18 
3474	13 
3475	40 
3476	31 
3477	40 
3478	29 
3479	9 
3480	32 
3481	20 
3482	4 
3483	18 
3484	6 
3485	3 
3486	15 
3487	34 
3488	16 
3489	39 
3490	24 
3491	36 
3492	41 
3493	30 
3494	11 
3495	6 
3496	4 
3497	5 
3498	15 
3499	41 
3500	41 
3501	28 
3502	11 
3503	5 
3504	25 
3505	26 
3506	41 
3507	12 
3508	19 
3509	13 
3510	12 
3511	27 
3512	3 
3513	26 
3514	35 
3515	31 
3516	41 
3517	32 
3518	18 
3519	25 
3520	9 
3521	21 
3522	12 
3523	27 
3524	3 
3525	11 
3526	23 
3527	3 
3528	4 
3529	4 
3530	11 
3531	6 
3532	16 
3533	30 
3534	41 
3535	3 
3536	13 
3537	2 
3538	6 
3539	28 
3540	28 
3541	15 
3542	34 
3543	15 
3544	19 
3545	25 
3546	16 
3547	41 
3548	27 
3549	27 
3550	38 
3551	8 
3552	12 
3553	7 
3554	31 
3555	6 
3556	15 
3557	13 
3558	41 
3559	28 
3560	36 
3561	2 
3562	15 
3563	29 
3564	4 
3565	7 
3566	3 
3567	10 
3568	36 
3569	7 
3570	25 
3571	17 
3572	10 
3573	6 
3574	12 
3575	6 
3576	7 
3577	15 
3578	27 
3579	21 
3580	15 
3581	22 
3582	20 
3583	12 
3584	20 
3585	33 
3586	16 
3587	5 
3588	5 
3589	21 
3590	30 
3591	17 
3592	6 
3593	29 
3594	3 
3595	34 
3596	33 
3597	41 
3598	1 
3599	23 
3600	1 
3601	5 
3602	29 
3603	9 
3604	20 
3605	37 
3606	35 
3607	3 
3608	38 
3609	3 
3610	6 
3611	32 
3612	3 
3613	15 
3614	9 
3615	12 
3616	13 
3617	11 
3618	29 
3619	19 
3620	11 
3621	8 
3622	4 
3623	14 
3624	38 
3625	36 
3626	40 
3627	32 
3628	3 
3629	4 
3630	27 
3631	35 
3632	38 
3633	3 
3634	14 
3635	35 
3636	5 
3637	41 
3638	37 
3639	6 
3640	16 
3641	4 
3642	27 
3643	9 
3644	41 
3645	26 
3646	5 
3647	3 
3648	4 
3649	6 
3650	41 
3651	19 
3652	35 
3653	4 
3654	35 
3655	35 
3656	17 
3657	4 
3658	22 
3659	13 
3660	18 
3661	13 
3662	3 
3663	16 
3664	11 
3665	31 
3666	5 
3667	2 
3668	35 
3669	18 
3670	37 
3671	41 
3672	23 
3673	36 
3674	16 
3675	36 
3676	16 
3677	41 
3678	20 
3679	33 
3680	38 
3681	26 
3682	9 
3683	20 
3684	41 
3685	12 
3686	3 
3687	6 
3688	18 
3689	19 
3690	18 
3691	32 
3692	41 
3693	25 
3694	6 
3695	1 
3696	36 
3697	3 
3698	4 
3699	38 
3700	37 
3701	3 
3702	17 
3703	40 
3704	21 
3705	41 
3706	29 
3707	20 
3708	28 
3709	31 
3710	2 
3711	19 
3712	12 
3713	19 
3714	26 
3715	5 
3716	11 
3717	1 
3718	27 
3719	30 
3720	9 
3721	36 
3722	39 
3723	3 
3724	15 
3725	12 
3726	27 
3727	5 
3728	11 
3729	41 
3730	14 
3731	29 
3732	12 
3733	38 
3734	15 
3735	26 
3736	9 
3737	16 
3738	1 
3739	4 
3740	41 
3741	33 
3742	32 
3743	30 
3744	31 
3745	41 
3746	41 
3747	39 
3748	30 
3749	13 
3750	16 
3751	36 
3752	31 
3753	32 
3754	41 
3755	20 
3756	12 
3757	5 
3758	15 
3759	33 
3760	38 
3761	41 
3762	27 
3763	25 
3764	11 
3765	25 
3766	15 
3767	16 
3768	29 
3769	26 
3770	1 
3771	33 
3772	19 
3773	29 
3774	15 
3775	39 
3776	11 
3777	25 
3778	4 
3779	33 
3780	13 
3781	6 
3782	2 
3783	12 
3784	6 
3785	39 
3786	15 
3787	27 
3788	1 
3789	9 
3790	3 
3791	31 
3792	37 
3793	2 
3794	2 
3795	39 
3796	41 
3797	29 
3798	6 
3799	31 
3800	1 
3801	4 
3802	3 
3803	31 
3804	2 
3805	11 
3806	32 
3807	41 
3808	41 
3809	26 
3810	2 
3811	33 
3812	4 
3813	28 
3814	2 
3815	27 
3816	32 
3817	13 
3818	29 
3819	15 
3820	4 
3821	22 
3822	38 
3823	17 
3824	39 
3825	20 
3826	15 
3827	26 
3828	16 
3829	41 
3830	13 
3831	13 
3832	15 
3833	26 
3834	5 
3835	14 
3836	9 
3837	33 
3838	20 
3839	5 
3840	2 
3841	11 
3842	9 
3843	32 
3844	19 
3845	18 
3846	41 
3847	14 
3848	13 
3849	1 
3850	17 
3851	4 
3852	14 
3853	27 
3854	25 
3855	13 
3856	15 
3857	27 
3858	32 
3859	6 
3860	13 
3861	29 
3862	12 
3863	1 
3864	39 
3865	36 
3866	27 
3867	3 
3868	9 
3869	32 
3870	1 
3871	36 
3872	4 
3873	36 
3874	3 
3875	29 
3876	4 
3877	41 
3878	4 
3879	28 
3880	36 
3881	26 
3882	39 
3883	12 
3884	41 
3885	11 
3886	41 
3887	32 
3888	12 
3889	32 
3890	15 
3891	27 
3892	36 
3893	17 
3894	26 
3895	11 
3896	3 
3897	39 
3898	11 
3899	6 
3900	12 
3901	29 
3902	1 
3903	13 
3904	41 
3905	36 
3906	5 
3907	29 
3908	19 
3909	36 
3910	16 
3911	12 
3912	6 
3913	18 
3914	41 
3915	39 
3916	11 
3917	27 
3918	3 
3919	41 
3920	41 
3921	3 
3922	41 
3923	13 
3924	18 
3925	1 
3926	20 
3927	33 
3928	3 
3929	11 
3930	25 
3931	4 
3932	14 
3933	27 
3934	18 
3935	36 
3936	2 
3937	13 
3938	29 
3939	13 
3940	12 
3941	4 
3942	38 
3943	11 
3944	20 
3945	41 
3946	16 
3947	6 
3948	16 
3949	6 
3950	14 
3951	11 
3952	32 
3953	9 
3954	12 
3955	4 
3956	4 
3957	14 
3958	14 
3959	3 
3960	32 
3961	5 
3962	33 
3963	6 
3964	9 
3965	6 
3966	29 
3967	26 
3968	5 
3969	1 
3970	13 
3971	18 
3972	18 
3973	3 
3974	1 
3975	27 
3976	29 
3977	4 
3978	4 
3979	3 
3980	12 
3981	31 
3982	11 
3983	26 
3984	3 
3985	9 
3986	16 
3987	12 
3988	17 
3989	12 
3990	1 
3991	4 
3992	31 
3993	11 
3994	32 
3995	17 
3996	1 
3997	13 
3998	31 
3999	16 
4000	29 
4001	29 
4002	26 
4003	11 
4004	3 
4005	2 
4006	13 
4007	3 
4008	15 
4009	26 
4010	16 
4011	36 
4012	4 
4013	36 
4014	26 
4015	13 
4016	11 
4017	27 
4018	31 
4019	27 
4020	11 
4021	17 
4022	31 
4023	15 
4024	29 
4025	5 
4026	13 
4027	27 
4028	15 
4029	32 
4030	1 
4031	41 
4032	16 
4033	4 
4034	32 
4035	2 
4036	1 
4037	15 
4038	16 
4039	16 
4040	31 
4041	3 
4042	15 
4043	5 
4044	15 
4045	2 
4046	16 
4047	11 
4048	1 
4049	5 
4050	13 
4051	5 
4052	41 
4053	5 
4054	1 
4055	26 
4056	41 
4057	4 
4058	11 
4059	5 
4060	13 
4061	32 
4062	5 
4063	13 
4064	4 
4065	4 
4066	3 
4067	3 
4068	13 
4069	41 
4070	26 
4071	3 
4072	3 
4073	4 
4074	15 
4075	4 
4076	41 
4077	13 
4078	15 
4079	26 
4080	13 
4081	15 
4082	29 
4083	11 
4084	26 
4085	11 
4086	11 
4087	26 
4088	3 
4089	11 
4090	3 
4091	15 
4092	13 
4093	26 
4094	41 
4095	15 
4096	11 
