1	51 
2	43 
3	38 
4	5 
5	6 
6	19 
7	2 
8	60 
9	4 
10	41 
11	37 
12	4 
13	19 
14	11 
15	26 
16	55 
17	29 
18	38 
19	56 
20	39 
21	45 
22	54 
23	59 
24	26 
25	45 
26	44 
27	8 
28	43 
29	11 
30	30 
31	42 
32	53 
33	40 
34	39 
35	4 
36	6 
37	38 
38	18 
39	51 
40	57 
41	54 
42	39 
43	49 
44	51 
45	11 
46	28 
47	47 
48	11 
49	48 
50	44 
51	37 
52	47 
53	10 
54	2 
55	40 
56	9 
57	53 
58	49 
59	49 
60	6 
61	31 
62	5 
63	55 
64	38 
65	5 
66	39 
67	56 
68	51 
69	44 
70	7 
71	38 
72	19 
73	6 
74	18 
75	49 
76	49 
77	47 
78	41 
79	55 
80	15 
81	9 
82	51 
83	36 
84	22 
85	34 
86	52 
87	40 
88	19 
89	59 
90	45 
91	20 
92	27 
93	42 
94	30 
95	49 
96	2 
97	55 
98	9 
99	11 
100	51 
101	51 
102	56 
103	26 
104	22 
105	4 
106	19 
107	55 
108	40 
109	47 
110	41 
111	47 
112	26 
113	54 
114	26 
115	26 
116	32 
117	14 
118	55 
119	53 
120	27 
121	39 
122	25 
123	26 
124	1 
125	26 
126	10 
127	39 
128	40 
129	38 
130	4 
131	55 
132	49 
133	57 
134	47 
135	51 
136	4 
137	3 
138	11 
139	58 
140	7 
141	45 
142	19 
143	40 
144	28 
145	8 
146	18 
147	20 
148	53 
149	26 
150	59 
151	38 
152	30 
153	30 
154	19 
155	30 
156	12 
157	54 
158	47 
159	27 
160	4 
161	41 
162	55 
163	25 
164	7 
165	38 
166	55 
167	40 
168	53 
169	38 
170	40 
171	11 
172	13 
173	60 
174	11 
175	56 
176	18 
177	51 
178	26 
179	14 
180	1 
181	25 
182	37 
183	29 
184	39 
185	19 
186	49 
187	54 
188	56 
189	58 
190	49 
191	9 
192	39 
193	37 
194	60 
195	41 
196	11 
197	15 
198	44 
199	41 
200	37 
201	21 
202	26 
203	4 
204	26 
205	54 
206	4 
207	23 
208	18 
209	55 
210	6 
211	10 
212	16 
213	47 
214	54 
215	14 
216	39 
217	54 
218	38 
219	39 
220	19 
221	7 
222	19 
223	1 
224	41 
225	19 
226	33 
227	38 
228	26 
229	53 
230	7 
231	40 
232	44 
233	49 
234	41 
235	58 
236	39 
237	55 
238	39 
239	49 
240	15 
241	56 
242	6 
243	54 
244	55 
245	37 
246	7 
247	6 
248	55 
249	18 
250	14 
251	4 
252	7 
253	41 
254	26 
255	55 
256	38 
257	53 
258	1 
259	6 
260	4 
261	59 
262	49 
263	11 
264	7 
265	54 
266	6 
267	15 
268	58 
269	40 
270	25 
271	33 
272	38 
273	41 
274	17 
275	28 
276	51 
277	55 
278	49 
279	58 
280	55 
281	55 
282	36 
283	39 
284	50 
285	49 
286	9 
287	42 
288	9 
289	55 
290	32 
291	26 
292	34 
293	4 
294	1 
295	5 
296	29 
297	56 
298	18 
299	4 
300	49 
301	56 
302	24 
303	55 
304	53 
305	19 
306	18 
307	6 
308	55 
309	38 
310	6 
311	7 
312	56 
313	10 
314	2 
315	49 
316	35 
317	11 
318	25 
319	55 
320	30 
321	41 
322	14 
323	26 
324	38 
325	58 
326	4 
327	42 
328	2 
329	53 
330	52 
331	56 
332	54 
333	39 
334	22 
335	40 
336	58 
337	30 
338	26 
339	28 
340	55 
341	42 
342	49 
343	40 
344	54 
345	1 
346	56 
347	15 
348	39 
349	5 
350	30 
351	15 
352	6 
353	26 
354	15 
355	48 
356	44 
357	49 
358	49 
359	34 
360	56 
361	15 
362	22 
363	56 
364	11 
365	57 
366	43 
367	54 
368	58 
369	38 
370	4 
371	28 
372	54 
373	27 
374	36 
375	14 
376	52 
377	47 
378	59 
379	58 
380	6 
381	56 
382	3 
383	53 
384	40 
385	27 
386	43 
387	40 
388	9 
389	30 
390	55 
391	40 
392	15 
393	5 
394	27 
395	38 
396	42 
397	42 
398	9 
399	1 
400	55 
401	30 
402	15 
403	22 
404	55 
405	53 
406	19 
407	39 
408	45 
409	49 
410	14 
411	56 
412	30 
413	19 
414	11 
415	39 
416	41 
417	46 
418	6 
419	15 
420	5 
421	17 
422	9 
423	38 
424	30 
425	51 
426	11 
427	38 
428	6 
429	9 
430	24 
431	19 
432	38 
433	39 
434	32 
435	19 
436	1 
437	15 
438	49 
439	55 
440	41 
441	21 
442	42 
443	49 
444	51 
445	49 
446	55 
447	57 
448	40 
449	47 
450	30 
451	33 
452	1 
453	40 
454	26 
455	41 
456	49 
457	22 
458	40 
459	9 
460	30 
461	37 
462	53 
463	18 
464	16 
465	9 
466	34 
467	44 
468	14 
469	23 
470	19 
471	51 
472	15 
473	54 
474	19 
475	49 
476	38 
477	15 
478	58 
479	40 
480	2 
481	17 
482	55 
483	53 
484	48 
485	17 
486	57 
487	41 
488	39 
489	19 
490	42 
491	41 
492	29 
493	26 
494	42 
495	27 
496	37 
497	54 
498	36 
499	20 
500	9 
501	40 
502	15 
503	7 
504	26 
505	49 
506	54 
507	49 
508	42 
509	22 
510	25 
511	46 
512	54 
513	43 
514	18 
515	38 
516	60 
517	57 
518	55 
519	40 
520	7 
521	44 
522	19 
523	28 
524	1 
525	38 
526	15 
527	38 
528	6 
529	55 
530	2 
531	47 
532	54 
533	49 
534	40 
535	14 
536	34 
537	4 
538	44 
539	20 
540	41 
541	52 
542	45 
543	49 
544	10 
545	13 
546	57 
547	13 
548	38 
549	21 
550	40 
551	9 
552	42 
553	41 
554	39 
555	42 
556	37 
557	11 
558	53 
559	2 
560	46 
561	53 
562	49 
563	15 
564	1 
565	38 
566	26 
567	46 
568	48 
569	52 
570	25 
571	47 
572	41 
573	7 
574	23 
575	9 
576	14 
577	27 
578	57 
579	11 
580	16 
581	19 
582	1 
583	53 
584	3 
585	49 
586	54 
587	9 
588	8 
589	53 
590	36 
591	27 
592	11 
593	23 
594	36 
595	44 
596	58 
597	36 
598	28 
599	38 
600	54 
601	57 
602	6 
603	40 
604	4 
605	41 
606	56 
607	29 
608	41 
609	15 
610	39 
611	58 
612	38 
613	51 
614	59 
615	51 
616	57 
617	19 
618	13 
619	56 
620	37 
621	16 
622	30 
623	5 
624	30 
625	11 
626	38 
627	2 
628	41 
629	40 
630	59 
631	15 
632	41 
633	58 
634	28 
635	22 
636	39 
637	54 
638	15 
639	19 
640	26 
641	59 
642	33 
643	5 
644	21 
645	38 
646	46 
647	56 
648	45 
649	32 
650	58 
651	40 
652	53 
653	41 
654	11 
655	6 
656	57 
657	32 
658	47 
659	37 
660	49 
661	13 
662	26 
663	13 
664	22 
665	25 
666	6 
667	30 
668	55 
669	6 
670	22 
671	26 
672	26 
673	60 
674	26 
675	28 
676	60 
677	44 
678	39 
679	49 
680	44 
681	51 
682	47 
683	34 
684	9 
685	30 
686	55 
687	27 
688	45 
689	56 
690	15 
691	59 
692	48 
693	43 
694	6 
695	39 
696	58 
697	49 
698	11 
699	33 
700	37 
701	6 
702	38 
703	15 
704	56 
705	28 
706	13 
707	48 
708	56 
709	47 
710	53 
711	7 
712	18 
713	18 
714	7 
715	39 
716	40 
717	7 
718	13 
719	53 
720	38 
721	43 
722	49 
723	42 
724	36 
725	26 
726	3 
727	38 
728	55 
729	11 
730	36 
731	19 
732	53 
733	20 
734	7 
735	44 
736	25 
737	49 
738	11 
739	38 
740	7 
741	49 
742	1 
743	21 
744	38 
745	4 
746	16 
747	39 
748	2 
749	3 
750	4 
751	11 
752	34 
753	45 
754	22 
755	21 
756	40 
757	43 
758	53 
759	44 
760	59 
761	21 
762	14 
763	49 
764	29 
765	41 
766	59 
767	41 
768	47 
769	30 
770	48 
771	16 
772	39 
773	48 
774	11 
775	9 
776	11 
777	45 
778	5 
779	48 
780	35 
781	56 
782	19 
783	15 
784	41 
785	2 
786	7 
787	57 
788	21 
789	2 
790	11 
791	40 
792	2 
793	40 
794	29 
795	31 
796	56 
797	38 
798	43 
799	38 
800	18 
801	14 
802	38 
803	12 
804	44 
805	39 
806	26 
807	21 
808	15 
809	32 
810	40 
811	38 
812	40 
813	41 
814	55 
815	40 
816	9 
817	56 
818	55 
819	19 
820	56 
821	30 
822	50 
823	57 
824	2 
825	11 
826	53 
827	24 
828	57 
829	44 
830	6 
831	40 
832	6 
833	21 
834	32 
835	39 
836	44 
837	15 
838	38 
839	6 
840	40 
841	3 
842	5 
843	19 
844	19 
845	23 
846	26 
847	5 
848	1 
849	18 
850	18 
851	39 
852	49 
853	41 
854	60 
855	51 
856	55 
857	25 
858	53 
859	16 
860	46 
861	13 
862	56 
863	25 
864	26 
865	11 
866	30 
867	41 
868	55 
869	50 
870	4 
871	39 
872	14 
873	15 
874	6 
875	41 
876	41 
877	39 
878	16 
879	18 
880	53 
881	40 
882	41 
883	48 
884	16 
885	39 
886	25 
887	19 
888	1 
889	20 
890	40 
891	54 
892	38 
893	23 
894	46 
895	44 
896	56 
897	54 
898	30 
899	59 
900	25 
901	38 
902	22 
903	16 
904	55 
905	6 
906	19 
907	51 
908	6 
909	11 
910	57 
911	59 
912	22 
913	30 
914	6 
915	11 
916	53 
917	47 
918	48 
919	49 
920	40 
921	11 
922	44 
923	53 
924	28 
925	53 
926	42 
927	1 
928	55 
929	13 
930	39 
931	53 
932	40 
933	25 
934	26 
935	21 
936	6 
937	39 
938	22 
939	4 
940	38 
941	28 
942	50 
943	45 
944	38 
945	26 
946	29 
947	1 
948	15 
949	24 
950	40 
951	47 
952	41 
953	31 
954	11 
955	7 
956	49 
957	47 
958	6 
959	58 
960	29 
961	28 
962	26 
963	41 
964	7 
965	26 
966	20 
967	22 
968	27 
969	37 
970	56 
971	6 
972	23 
973	15 
974	44 
975	28 
976	6 
977	19 
978	53 
979	40 
980	5 
981	47 
982	11 
983	42 
984	40 
985	4 
986	44 
987	54 
988	49 
989	13 
990	22 
991	22 
992	28 
993	7 
994	39 
995	5 
996	19 
997	41 
998	48 
999	11 
1000	42 
1001	53 
1002	19 
1003	6 
1004	30 
1005	27 
1006	1 
1007	20 
1008	26 
1009	4 
1010	47 
1011	49 
1012	53 
1013	59 
1014	41 
1015	55 
1016	11 
1017	49 
1018	55 
1019	13 
1020	29 
1021	48 
1022	45 
1023	40 
1024	4 
1025	55 
1026	52 
1027	52 
1028	4 
1029	6 
1030	47 
1031	29 
1032	46 
1033	53 
1034	22 
1035	44 
1036	58 
1037	7 
1038	49 
1039	41 
1040	31 
1041	11 
1042	41 
1043	55 
1044	38 
1045	19 
1046	40 
1047	45 
1048	49 
1049	55 
1050	21 
1051	15 
1052	39 
1053	9 
1054	11 
1055	46 
1056	21 
1057	37 
1058	37 
1059	19 
1060	55 
1061	57 
1062	47 
1063	41 
1064	37 
1065	40 
1066	31 
1067	44 
1068	39 
1069	25 
1070	47 
1071	14 
1072	11 
1073	41 
1074	26 
1075	40 
1076	42 
1077	5 
1078	53 
1079	56 
1080	16 
1081	53 
1082	38 
1083	55 
1084	59 
1085	46 
1086	14 
1087	32 
1088	15 
1089	54 
1090	49 
1091	39 
1092	35 
1093	4 
1094	11 
1095	46 
1096	58 
1097	37 
1098	49 
1099	2 
1100	6 
1101	51 
1102	55 
1103	45 
1104	55 
1105	49 
1106	47 
1107	6 
1108	40 
1109	7 
1110	7 
1111	36 
1112	57 
1113	19 
1114	38 
1115	11 
1116	38 
1117	32 
1118	6 
1119	47 
1120	41 
1121	4 
1122	29 
1123	49 
1124	1 
1125	32 
1126	24 
1127	7 
1128	20 
1129	28 
1130	55 
1131	46 
1132	39 
1133	51 
1134	52 
1135	5 
1136	55 
1137	54 
1138	55 
1139	41 
1140	39 
1141	4 
1142	47 
1143	15 
1144	11 
1145	20 
1146	55 
1147	55 
1148	56 
1149	3 
1150	41 
1151	54 
1152	29 
1153	6 
1154	25 
1155	39 
1156	18 
1157	45 
1158	42 
1159	42 
1160	11 
1161	32 
1162	55 
1163	4 
1164	22 
1165	34 
1166	55 
1167	55 
1168	51 
1169	19 
1170	53 
1171	46 
1172	14 
1173	19 
1174	49 
1175	6 
1176	38 
1177	38 
1178	36 
1179	36 
1180	39 
1181	26 
1182	5 
1183	51 
1184	49 
1185	30 
1186	53 
1187	45 
1188	49 
1189	30 
1190	18 
1191	40 
1192	57 
1193	45 
1194	22 
1195	16 
1196	56 
1197	39 
1198	53 
1199	26 
1200	19 
1201	15 
1202	46 
1203	30 
1204	13 
1205	46 
1206	40 
1207	14 
1208	47 
1209	21 
1210	53 
1211	44 
1212	27 
1213	43 
1214	1 
1215	2 
1216	41 
1217	51 
1218	38 
1219	30 
1220	40 
1221	42 
1222	51 
1223	38 
1224	9 
1225	19 
1226	26 
1227	47 
1228	16 
1229	28 
1230	36 
1231	4 
1232	26 
1233	53 
1234	49 
1235	55 
1236	48 
1237	48 
1238	10 
1239	28 
1240	12 
1241	60 
1242	52 
1243	13 
1244	47 
1245	38 
1246	58 
1247	14 
1248	44 
1249	35 
1250	40 
1251	6 
1252	25 
1253	51 
1254	18 
1255	38 
1256	55 
1257	55 
1258	20 
1259	57 
1260	54 
1261	49 
1262	1 
1263	40 
1264	49 
1265	39 
1266	39 
1267	49 
1268	6 
1269	54 
1270	53 
1271	49 
1272	34 
1273	6 
1274	59 
1275	41 
1276	37 
1277	18 
1278	29 
1279	58 
1280	9 
1281	33 
1282	53 
1283	15 
1284	47 
1285	40 
1286	11 
1287	21 
1288	39 
1289	6 
1290	5 
1291	19 
1292	4 
1293	39 
1294	41 
1295	36 
1296	6 
1297	51 
1298	38 
1299	55 
1300	43 
1301	52 
1302	37 
1303	20 
1304	15 
1305	19 
1306	19 
1307	40 
1308	7 
1309	12 
1310	46 
1311	11 
1312	54 
1313	26 
1314	59 
1315	49 
1316	56 
1317	26 
1318	54 
1319	22 
1320	3 
1321	50 
1322	26 
1323	47 
1324	53 
1325	14 
1326	6 
1327	41 
1328	11 
1329	3 
1330	18 
1331	11 
1332	49 
1333	49 
1334	57 
1335	31 
1336	56 
1337	47 
1338	52 
1339	42 
1340	58 
1341	1 
1342	57 
1343	13 
1344	54 
1345	11 
1346	26 
1347	41 
1348	9 
1349	54 
1350	44 
1351	47 
1352	37 
1353	55 
1354	6 
1355	51 
1356	22 
1357	49 
1358	9 
1359	55 
1360	30 
1361	4 
1362	24 
1363	42 
1364	38 
1365	39 
1366	13 
1367	6 
1368	26 
1369	6 
1370	41 
1371	47 
1372	54 
1373	5 
1374	54 
1375	26 
1376	1 
1377	40 
1378	53 
1379	23 
1380	38 
1381	38 
1382	47 
1383	21 
1384	55 
1385	3 
1386	41 
1387	9 
1388	49 
1389	46 
1390	28 
1391	56 
1392	55 
1393	40 
1394	53 
1395	5 
1396	49 
1397	46 
1398	17 
1399	11 
1400	51 
1401	49 
1402	39 
1403	38 
1404	35 
1405	26 
1406	54 
1407	56 
1408	12 
1409	14 
1410	40 
1411	4 
1412	11 
1413	9 
1414	26 
1415	3 
1416	3 
1417	39 
1418	25 
1419	59 
1420	5 
1421	48 
1422	19 
1423	41 
1424	11 
1425	15 
1426	51 
1427	11 
1428	29 
1429	4 
1430	42 
1431	49 
1432	3 
1433	18 
1434	30 
1435	16 
1436	9 
1437	31 
1438	15 
1439	45 
1440	56 
1441	7 
1442	9 
1443	11 
1444	4 
1445	57 
1446	4 
1447	1 
1448	56 
1449	15 
1450	9 
1451	19 
1452	56 
1453	30 
1454	9 
1455	41 
1456	42 
1457	14 
1458	1 
1459	54 
1460	56 
1461	47 
1462	5 
1463	2 
1464	19 
1465	6 
1466	26 
1467	26 
1468	46 
1469	53 
1470	26 
1471	38 
1472	41 
1473	37 
1474	40 
1475	20 
1476	39 
1477	38 
1478	42 
1479	9 
1480	38 
1481	43 
1482	15 
1483	37 
1484	36 
1485	50 
1486	1 
1487	30 
1488	51 
1489	45 
1490	11 
1491	55 
1492	4 
1493	41 
1494	59 
1495	32 
1496	6 
1497	49 
1498	45 
1499	55 
1500	25 
1501	12 
1502	9 
1503	32 
1504	15 
1505	27 
1506	39 
1507	10 
1508	19 
1509	15 
1510	32 
1511	56 
1512	26 
1513	17 
1514	48 
1515	29 
1516	59 
1517	4 
1518	34 
1519	28 
1520	53 
1521	28 
1522	5 
1523	53 
1524	55 
1525	41 
1526	41 
1527	27 
1528	38 
1529	39 
1530	15 
1531	39 
1532	15 
1533	37 
1534	24 
1535	19 
1536	53 
1537	15 
1538	56 
1539	9 
1540	53 
1541	15 
1542	52 
1543	42 
1544	54 
1545	40 
1546	11 
1547	39 
1548	33 
1549	11 
1550	48 
1551	6 
1552	19 
1553	47 
1554	48 
1555	40 
1556	54 
1557	60 
1558	53 
1559	7 
1560	40 
1561	39 
1562	6 
1563	6 
1564	8 
1565	49 
1566	53 
1567	39 
1568	39 
1569	47 
1570	5 
1571	30 
1572	4 
1573	3 
1574	55 
1575	13 
1576	4 
1577	38 
1578	39 
1579	9 
1580	54 
1581	15 
1582	45 
1583	24 
1584	15 
1585	55 
1586	28 
1587	14 
1588	49 
1589	5 
1590	49 
1591	18 
1592	13 
1593	53 
1594	4 
1595	15 
1596	38 
1597	4 
1598	54 
1599	45 
1600	56 
1601	22 
1602	38 
1603	24 
1604	34 
1605	34 
1606	48 
1607	54 
1608	45 
1609	34 
1610	6 
1611	46 
1612	39 
1613	47 
1614	22 
1615	55 
1616	55 
1617	59 
1618	55 
1619	30 
1620	51 
1621	5 
1622	4 
1623	41 
1624	40 
1625	28 
1626	39 
1627	19 
1628	51 
1629	6 
1630	44 
1631	51 
1632	19 
1633	11 
1634	51 
1635	47 
1636	4 
1637	15 
1638	4 
1639	13 
1640	10 
1641	15 
1642	50 
1643	39 
1644	9 
1645	46 
1646	39 
1647	21 
1648	40 
1649	9 
1650	4 
1651	48 
1652	38 
1653	39 
1654	18 
1655	44 
1656	40 
1657	16 
1658	8 
1659	36 
1660	51 
1661	22 
1662	40 
1663	10 
1664	25 
1665	33 
1666	11 
1667	11 
1668	30 
1669	56 
1670	36 
1671	53 
1672	32 
1673	42 
1674	43 
1675	56 
1676	25 
1677	52 
1678	40 
1679	46 
1680	36 
1681	40 
1682	56 
1683	12 
1684	28 
1685	53 
1686	38 
1687	49 
1688	55 
1689	43 
1690	3 
1691	28 
1692	55 
1693	53 
1694	38 
1695	38 
1696	53 
1697	55 
1698	55 
1699	55 
1700	14 
1701	28 
1702	39 
1703	9 
1704	40 
1705	46 
1706	39 
1707	45 
1708	6 
1709	7 
1710	19 
1711	26 
1712	47 
1713	11 
1714	56 
1715	7 
1716	40 
1717	48 
1718	19 
1719	47 
1720	30 
1721	33 
1722	26 
1723	6 
1724	11 
1725	41 
1726	55 
1727	9 
1728	18 
1729	6 
1730	43 
1731	19 
1732	19 
1733	28 
1734	4 
1735	5 
1736	5 
1737	39 
1738	37 
1739	15 
1740	45 
1741	38 
1742	30 
1743	34 
1744	42 
1745	51 
1746	55 
1747	48 
1748	39 
1749	29 
1750	15 
1751	6 
1752	30 
1753	56 
1754	40 
1755	55 
1756	48 
1757	4 
1758	42 
1759	9 
1760	44 
1761	38 
1762	26 
1763	15 
1764	4 
1765	11 
1766	47 
1767	5 
1768	38 
1769	47 
1770	38 
1771	22 
1772	47 
1773	55 
1774	47 
1775	49 
1776	27 
1777	30 
1778	22 
1779	41 
1780	44 
1781	40 
1782	11 
1783	31 
1784	60 
1785	55 
1786	47 
1787	9 
1788	40 
1789	39 
1790	18 
1791	28 
1792	1 
1793	53 
1794	41 
1795	53 
1796	55 
1797	34 
1798	43 
1799	26 
1800	38 
1801	17 
1802	13 
1803	33 
1804	11 
1805	25 
1806	6 
1807	59 
1808	1 
1809	41 
1810	55 
1811	32 
1812	55 
1813	59 
1814	45 
1815	40 
1816	7 
1817	36 
1818	15 
1819	30 
1820	49 
1821	26 
1822	1 
1823	48 
1824	55 
1825	31 
1826	26 
1827	29 
1828	40 
1829	14 
1830	38 
1831	14 
1832	11 
1833	49 
1834	60 
1835	42 
1836	49 
1837	38 
1838	55 
1839	52 
1840	16 
1841	28 
1842	30 
1843	47 
1844	46 
1845	55 
1846	11 
1847	55 
1848	14 
1849	30 
1850	49 
1851	38 
1852	55 
1853	55 
1854	53 
1855	6 
1856	23 
1857	11 
1858	38 
1859	49 
1860	55 
1861	49 
1862	55 
1863	11 
1864	57 
1865	24 
1866	59 
1867	15 
1868	44 
1869	28 
1870	55 
1871	55 
1872	4 
1873	11 
1874	49 
1875	55 
1876	38 
1877	38 
1878	26 
1879	52 
1880	54 
1881	43 
1882	30 
1883	53 
1884	60 
1885	2 
1886	9 
1887	55 
1888	53 
1889	42 
1890	11 
1891	26 
1892	22 
1893	15 
1894	47 
1895	8 
1896	41 
1897	58 
1898	56 
1899	2 
1900	38 
1901	49 
1902	4 
1903	38 
1904	37 
1905	38 
1906	40 
1907	43 
1908	49 
1909	53 
1910	55 
1911	45 
1912	39 
1913	12 
1914	19 
1915	7 
1916	29 
1917	35 
1918	18 
1919	4 
1920	53 
1921	47 
1922	19 
1923	49 
1924	53 
1925	47 
1926	14 
1927	57 
1928	26 
1929	38 
1930	36 
1931	26 
1932	58 
1933	55 
1934	35 
1935	4 
1936	19 
1937	34 
1938	55 
1939	53 
1940	1 
1941	2 
1942	30 
1943	16 
1944	2 
1945	1 
1946	21 
1947	23 
1948	55 
1949	26 
1950	54 
1951	26 
1952	49 
1953	29 
1954	3 
1955	30 
1956	23 
1957	39 
1958	53 
1959	40 
1960	33 
1961	11 
1962	16 
1963	54 
1964	19 
1965	47 
1966	47 
1967	28 
1968	26 
1969	30 
1970	38 
1971	26 
1972	6 
1973	38 
1974	1 
1975	18 
1976	4 
1977	55 
1978	53 
1979	19 
1980	11 
1981	30 
1982	56 
1983	38 
1984	55 
1985	5 
1986	12 
1987	42 
1988	22 
1989	9 
1990	11 
1991	53 
1992	2 
1993	40 
1994	56 
1995	53 
1996	17 
1997	18 
1998	4 
1999	46 
2000	40 
2001	51 
2002	59 
2003	19 
2004	44 
2005	15 
2006	55 
2007	7 
2008	34 
2009	15 
2010	40 
2011	39 
2012	6 
2013	5 
2014	22 
2015	47 
2016	4 
2017	49 
2018	16 
2019	49 
2020	13 
2021	5 
2022	56 
2023	13 
2024	6 
2025	59 
2026	40 
2027	26 
2028	55 
2029	51 
2030	55 
2031	39 
2032	37 
2033	4 
2034	56 
2035	18 
2036	14 
2037	35 
2038	60 
2039	54 
2040	38 
2041	34 
2042	40 
2043	56 
2044	56 
2045	15 
2046	14 
2047	56 
2048	35 
2049	25 
2050	29 
2051	55 
2052	1 
2053	38 
2054	53 
2055	11 
2056	30 
2057	33 
2058	15 
2059	15 
2060	13 
2061	2 
2062	22 
2063	53 
2064	32 
2065	38 
2066	53 
2067	15 
2068	2 
2069	11 
2070	13 
2071	11 
2072	50 
2073	2 
2074	8 
2075	50 
2076	55 
2077	58 
2078	58 
2079	18 
2080	48 
2081	25 
2082	19 
2083	25 
2084	55 
2085	41 
2086	51 
2087	10 
2088	5 
2089	29 
2090	41 
2091	40 
2092	44 
2093	30 
2094	38 
2095	50 
2096	44 
2097	36 
2098	19 
2099	11 
2100	41 
2101	19 
2102	6 
2103	19 
2104	41 
2105	11 
2106	59 
2107	40 
2108	6 
2109	10 
2110	5 
2111	38 
2112	7 
2113	51 
2114	54 
2115	55 
2116	13 
2117	18 
2118	55 
2119	58 
2120	51 
2121	55 
2122	55 
2123	38 
2124	26 
2125	51 
2126	43 
2127	11 
2128	40 
2129	6 
2130	10 
2131	19 
2132	2 
2133	29 
2134	14 
2135	33 
2136	40 
2137	23 
2138	9 
2139	6 
2140	25 
2141	55 
2142	39 
2143	53 
2144	47 
2145	28 
2146	50 
2147	18 
2148	17 
2149	12 
2150	8 
2151	57 
2152	15 
2153	58 
2154	41 
2155	18 
2156	6 
2157	59 
2158	3 
2159	23 
2160	26 
2161	39 
2162	26 
2163	57 
2164	25 
2165	30 
2166	54 
2167	53 
2168	42 
2169	58 
2170	38 
2171	38 
2172	6 
2173	6 
2174	15 
2175	53 
2176	49 
2177	26 
2178	26 
2179	15 
2180	10 
2181	11 
2182	44 
2183	48 
2184	47 
2185	38 
2186	6 
2187	57 
2188	26 
2189	22 
2190	7 
2191	56 
2192	6 
2193	47 
2194	41 
2195	49 
2196	46 
2197	47 
2198	41 
2199	60 
2200	48 
2201	17 
2202	39 
2203	7 
2204	21 
2205	4 
2206	45 
2207	6 
2208	30 
2209	58 
2210	11 
2211	28 
2212	37 
2213	32 
2214	55 
2215	11 
2216	39 
2217	33 
2218	57 
2219	40 
2220	53 
2221	43 
2222	59 
2223	30 
2224	47 
2225	43 
2226	2 
2227	39 
2228	39 
2229	12 
2230	40 
2231	37 
2232	37 
2233	25 
2234	18 
2235	5 
2236	54 
2237	58 
2238	19 
2239	39 
2240	49 
2241	53 
2242	29 
2243	39 
2244	26 
2245	27 
2246	44 
2247	28 
2248	21 
2249	49 
2250	15 
2251	45 
2252	2 
2253	28 
2254	45 
2255	39 
2256	34 
2257	3 
2258	15 
2259	44 
2260	18 
2261	26 
2262	21 
2263	25 
2264	55 
2265	6 
2266	30 
2267	39 
2268	38 
2269	55 
2270	44 
2271	44 
2272	54 
2273	19 
2274	26 
2275	9 
2276	49 
2277	28 
2278	41 
2279	37 
2280	58 
2281	22 
2282	29 
2283	47 
2284	4 
2285	29 
2286	47 
2287	14 
2288	11 
2289	43 
2290	55 
2291	54 
2292	26 
2293	37 
2294	19 
2295	15 
2296	39 
2297	37 
2298	49 
2299	16 
2300	26 
2301	35 
2302	40 
2303	51 
2304	30 
2305	27 
2306	22 
2307	23 
2308	36 
2309	22 
2310	48 
2311	56 
2312	5 
2313	40 
2314	7 
2315	50 
2316	4 
2317	59 
2318	57 
2319	24 
2320	4 
2321	25 
2322	55 
2323	8 
2324	8 
2325	42 
2326	38 
2327	6 
2328	28 
2329	11 
2330	9 
2331	6 
2332	5 
2333	15 
2334	47 
2335	23 
2336	37 
2337	47 
2338	25 
2339	47 
2340	38 
2341	40 
2342	49 
2343	47 
2344	52 
2345	31 
2346	50 
2347	1 
2348	19 
2349	12 
2350	39 
2351	39 
2352	13 
2353	15 
2354	39 
2355	30 
2356	1 
2357	1 
2358	50 
2359	53 
2360	53 
2361	41 
2362	35 
2363	16 
2364	48 
2365	39 
2366	57 
2367	45 
2368	51 
2369	58 
2370	30 
2371	47 
2372	49 
2373	39 
2374	49 
2375	54 
2376	9 
2377	4 
2378	41 
2379	40 
2380	14 
2381	17 
2382	40 
2383	7 
2384	11 
2385	42 
2386	59 
2387	4 
2388	40 
2389	11 
2390	55 
2391	35 
2392	40 
2393	24 
2394	55 
2395	38 
2396	23 
2397	22 
2398	24 
2399	22 
2400	25 
2401	19 
2402	47 
2403	30 
2404	39 
2405	54 
2406	15 
2407	37 
2408	11 
2409	54 
2410	38 
2411	15 
2412	55 
2413	57 
2414	38 
2415	47 
2416	40 
2417	8 
2418	19 
2419	41 
2420	2 
2421	15 
2422	27 
2423	30 
2424	11 
2425	56 
2426	54 
2427	26 
2428	39 
2429	26 
2430	47 
2431	47 
2432	39 
2433	15 
2434	41 
2435	39 
2436	24 
2437	54 
2438	49 
2439	16 
2440	47 
2441	13 
2442	7 
2443	38 
2444	49 
2445	19 
2446	56 
2447	26 
2448	58 
2449	5 
2450	53 
2451	15 
2452	23 
2453	38 
2454	58 
2455	59 
2456	60 
2457	57 
2458	38 
2459	18 
2460	51 
2461	47 
2462	43 
2463	44 
2464	12 
2465	4 
2466	55 
2467	30 
2468	39 
2469	15 
2470	4 
2471	4 
2472	48 
2473	41 
2474	16 
2475	5 
2476	4 
2477	53 
2478	15 
2479	54 
2480	16 
2481	11 
2482	40 
2483	48 
2484	6 
2485	9 
2486	50 
2487	22 
2488	32 
2489	19 
2490	54 
2491	31 
2492	30 
2493	51 
2494	39 
2495	12 
2496	54 
2497	59 
2498	40 
2499	60 
2500	19 
2501	9 
2502	9 
2503	19 
2504	49 
2505	13 
2506	15 
2507	14 
2508	54 
2509	55 
2510	38 
2511	11 
2512	39 
2513	55 
2514	29 
2515	6 
2516	56 
2517	3 
2518	18 
2519	44 
2520	40 
2521	30 
2522	38 
2523	54 
2524	53 
2525	11 
2526	42 
2527	40 
2528	53 
2529	53 
2530	1 
2531	4 
2532	38 
2533	15 
2534	26 
2535	1 
2536	39 
2537	10 
2538	16 
2539	11 
2540	53 
2541	1 
2542	59 
2543	60 
2544	38 
2545	49 
2546	41 
2547	26 
2548	25 
2549	55 
2550	11 
2551	15 
2552	59 
2553	22 
2554	51 
2555	43 
2556	15 
2557	27 
2558	44 
2559	16 
2560	19 
2561	26 
2562	47 
2563	15 
2564	4 
2565	17 
2566	13 
2567	44 
2568	33 
2569	42 
2570	28 
2571	39 
2572	58 
2573	15 
2574	38 
2575	33 
2576	53 
2577	15 
2578	36 
2579	4 
2580	46 
2581	1 
2582	4 
2583	10 
2584	55 
2585	55 
2586	19 
2587	59 
2588	39 
2589	9 
2590	30 
2591	56 
2592	16 
2593	12 
2594	9 
2595	29 
2596	36 
2597	53 
2598	37 
2599	10 
2600	27 
2601	49 
2602	28 
2603	56 
2604	36 
2605	36 
2606	14 
2607	41 
2608	12 
2609	53 
2610	22 
2611	49 
2612	42 
2613	28 
2614	46 
2615	15 
2616	13 
2617	57 
2618	12 
2619	54 
2620	42 
2621	4 
2622	53 
2623	26 
2624	50 
2625	31 
2626	34 
2627	15 
2628	51 
2629	18 
2630	48 
2631	42 
2632	18 
2633	9 
2634	11 
2635	13 
2636	54 
2637	5 
2638	55 
2639	48 
2640	55 
2641	42 
2642	53 
2643	4 
2644	5 
2645	16 
2646	49 
2647	10 
2648	55 
2649	53 
2650	43 
2651	60 
2652	55 
2653	11 
2654	41 
2655	38 
2656	9 
2657	41 
2658	39 
2659	44 
2660	14 
2661	19 
2662	48 
2663	55 
2664	47 
2665	47 
2666	22 
2667	40 
2668	36 
2669	26 
2670	32 
2671	57 
2672	40 
2673	6 
2674	8 
2675	39 
2676	41 
2677	49 
2678	49 
2679	6 
2680	11 
2681	38 
2682	6 
2683	15 
2684	6 
2685	41 
2686	41 
2687	47 
2688	30 
2689	28 
2690	19 
2691	49 
2692	46 
2693	25 
2694	25 
2695	38 
2696	11 
2697	5 
2698	54 
2699	6 
2700	11 
2701	29 
2702	33 
2703	12 
2704	31 
2705	2 
2706	22 
2707	36 
2708	25 
2709	22 
2710	54 
2711	44 
2712	20 
2713	12 
2714	11 
2715	56 
2716	8 
2717	40 
2718	15 
2719	38 
2720	47 
2721	56 
2722	23 
2723	2 
2724	55 
2725	56 
2726	40 
2727	4 
2728	59 
2729	60 
2730	59 
2731	55 
2732	6 
2733	10 
2734	26 
2735	58 
2736	40 
2737	53 
2738	6 
2739	11 
2740	38 
2741	41 
2742	55 
2743	9 
2744	9 
2745	39 
2746	25 
2747	43 
2748	4 
2749	27 
2750	53 
2751	35 
2752	40 
2753	29 
2754	42 
2755	19 
2756	6 
2757	55 
2758	6 
2759	29 
2760	40 
2761	59 
2762	16 
2763	38 
2764	53 
2765	42 
2766	48 
2767	18 
2768	24 
2769	54 
2770	53 
2771	37 
2772	13 
2773	31 
2774	13 
2775	35 
2776	55 
2777	15 
2778	53 
2779	45 
2780	37 
2781	18 
2782	5 
2783	39 
2784	19 
2785	58 
2786	1 
2787	59 
2788	49 
2789	30 
2790	1 
2791	39 
2792	22 
2793	25 
2794	6 
2795	39 
2796	47 
2797	11 
2798	26 
2799	47 
2800	47 
2801	30 
2802	39 
2803	48 
2804	51 
2805	11 
2806	16 
2807	44 
2808	24 
2809	22 
2810	58 
2811	28 
2812	37 
2813	38 
2814	27 
2815	19 
2816	59 
2817	49 
2818	15 
2819	18 
2820	48 
2821	51 
2822	2 
2823	26 
2824	55 
2825	38 
2826	22 
2827	52 
2828	49 
2829	11 
2830	30 
2831	11 
2832	42 
2833	59 
2834	32 
2835	55 
2836	49 
2837	55 
2838	55 
2839	5 
2840	26 
2841	59 
2842	55 
2843	43 
2844	30 
2845	11 
2846	6 
2847	54 
2848	41 
2849	47 
2850	26 
2851	38 
2852	6 
2853	21 
2854	26 
2855	11 
2856	24 
2857	30 
2858	43 
2859	13 
2860	38 
2861	19 
2862	12 
2863	56 
2864	56 
2865	54 
2866	39 
2867	46 
2868	49 
2869	23 
2870	39 
2871	9 
2872	11 
2873	49 
2874	39 
2875	56 
2876	55 
2877	60 
2878	34 
2879	44 
2880	30 
2881	11 
2882	22 
2883	59 
2884	4 
2885	39 
2886	9 
2887	55 
2888	2 
2889	59 
2890	55 
2891	15 
2892	28 
2893	52 
2894	18 
2895	39 
2896	60 
2897	16 
2898	58 
2899	8 
2900	32 
2901	60 
2902	55 
2903	58 
2904	57 
2905	52 
2906	19 
2907	9 
2908	49 
2909	54 
2910	53 
2911	21 
2912	56 
2913	38 
2914	31 
2915	15 
2916	18 
2917	2 
2918	39 
2919	30 
2920	47 
2921	6 
2922	54 
2923	56 
2924	8 
2925	53 
2926	38 
2927	40 
2928	46 
2929	4 
2930	15 
2931	1 
2932	56 
2933	53 
2934	7 
2935	17 
2936	19 
2937	57 
2938	51 
2939	20 
2940	40 
2941	8 
2942	19 
2943	1 
2944	26 
2945	6 
2946	30 
2947	47 
2948	28 
2949	37 
2950	30 
2951	28 
2952	19 
2953	49 
2954	9 
2955	38 
2956	11 
2957	55 
2958	53 
2959	54 
2960	31 
2961	28 
2962	3 
2963	15 
2964	54 
2965	2 
2966	54 
2967	45 
2968	19 
2969	39 
2970	38 
2971	54 
2972	56 
2973	1 
2974	28 
2975	26 
2976	42 
2977	41 
2978	5 
2979	53 
2980	41 
2981	24 
2982	55 
2983	18 
2984	50 
2985	40 
2986	56 
2987	4 
2988	40 
2989	22 
2990	19 
2991	39 
2992	18 
2993	49 
2994	11 
2995	10 
2996	28 
2997	48 
2998	51 
2999	59 
3000	47 
3001	6 
3002	41 
3003	48 
3004	11 
3005	7 
3006	59 
3007	19 
3008	18 
3009	25 
3010	58 
3011	55 
3012	4 
3013	18 
3014	10 
3015	55 
3016	57 
3017	40 
3018	49 
3019	41 
3020	58 
3021	3 
3022	12 
3023	11 
3024	34 
3025	49 
3026	46 
3027	55 
3028	2 
3029	19 
3030	22 
3031	30 
3032	18 
3033	48 
3034	54 
3035	26 
3036	41 
3037	59 
3038	17 
3039	53 
3040	9 
3041	29 
3042	36 
3043	55 
3044	16 
3045	11 
3046	51 
3047	4 
3048	26 
3049	41 
3050	44 
3051	39 
3052	19 
3053	58 
3054	6 
3055	53 
3056	40 
3057	4 
3058	38 
3059	42 
3060	48 
3061	6 
3062	20 
3063	30 
3064	54 
3065	56 
3066	28 
3067	18 
3068	36 
3069	5 
3070	28 
3071	12 
3072	51 
3073	53 
3074	60 
3075	25 
3076	53 
3077	60 
3078	39 
3079	26 
3080	4 
3081	28 
3082	55 
3083	19 
3084	55 
3085	51 
3086	7 
3087	45 
3088	41 
3089	26 
3090	19 
3091	34 
3092	6 
3093	6 
3094	25 
3095	42 
3096	45 
3097	18 
3098	28 
3099	29 
3100	59 
3101	40 
3102	39 
3103	57 
3104	34 
3105	56 
3106	4 
3107	56 
3108	47 
3109	9 
3110	26 
3111	25 
3112	7 
3113	11 
3114	49 
3115	52 
3116	57 
3117	55 
3118	19 
3119	55 
3120	22 
3121	15 
3122	26 
3123	15 
3124	49 
3125	34 
3126	28 
3127	48 
3128	53 
3129	15 
3130	11 
3131	53 
3132	40 
3133	39 
3134	22 
3135	49 
3136	6 
3137	40 
3138	15 
3139	35 
3140	26 
3141	21 
3142	8 
3143	4 
3144	44 
3145	55 
3146	53 
3147	56 
3148	48 
3149	47 
3150	9 
3151	50 
3152	11 
3153	22 
3154	56 
3155	30 
3156	28 
3157	24 
3158	38 
3159	40 
3160	19 
3161	53 
3162	46 
3163	26 
3164	58 
3165	47 
3166	15 
3167	5 
3168	13 
3169	54 
3170	30 
3171	55 
3172	26 
3173	3 
3174	38 
3175	54 
3176	6 
3177	26 
3178	44 
3179	6 
3180	48 
3181	30 
3182	4 
3183	38 
3184	32 
3185	32 
3186	3 
3187	55 
3188	54 
3189	11 
3190	19 
3191	49 
3192	15 
3193	6 
3194	51 
3195	38 
3196	4 
3197	18 
3198	1 
3199	26 
3200	40 
3201	18 
3202	56 
3203	44 
3204	19 
3205	27 
3206	14 
3207	38 
3208	16 
3209	29 
3210	24 
3211	51 
3212	58 
3213	53 
3214	19 
3215	26 
3216	26 
3217	48 
3218	26 
3219	41 
3220	50 
3221	11 
3222	41 
3223	53 
3224	6 
3225	41 
3226	12 
3227	55 
3228	4 
3229	54 
3230	11 
3231	15 
3232	25 
3233	26 
3234	53 
3235	38 
3236	44 
3237	46 
3238	55 
3239	12 
3240	42 
3241	46 
3242	16 
3243	12 
3244	49 
3245	54 
3246	18 
3247	24 
3248	14 
3249	55 
3250	45 
3251	54 
3252	39 
3253	31 
3254	52 
3255	19 
3256	18 
3257	56 
3258	5 
3259	46 
3260	4 
3261	23 
3262	39 
3263	42 
3264	6 
3265	15 
3266	28 
3267	11 
3268	7 
3269	6 
3270	45 
3271	28 
3272	56 
3273	56 
3274	25 
3275	16 
3276	19 
3277	12 
3278	28 
3279	4 
3280	4 
3281	56 
3282	14 
3283	38 
3284	40 
3285	12 
3286	50 
3287	23 
3288	6 
3289	25 
3290	44 
3291	56 
3292	28 
3293	55 
3294	54 
3295	55 
3296	11 
3297	26 
3298	6 
3299	44 
3300	1 
3301	5 
3302	11 
3303	38 
3304	26 
3305	52 
3306	49 
3307	6 
3308	41 
3309	5 
3310	2 
3311	49 
3312	52 
3313	53 
3314	15 
3315	38 
3316	59 
3317	43 
3318	28 
3319	18 
3320	15 
3321	29 
3322	42 
3323	8 
3324	49 
3325	4 
3326	40 
3327	37 
3328	47 
3329	41 
3330	53 
3331	49 
3332	45 
3333	19 
3334	51 
3335	39 
3336	40 
3337	16 
3338	6 
3339	53 
3340	11 
3341	55 
3342	10 
3343	25 
3344	50 
3345	15 
3346	39 
3347	40 
3348	11 
3349	53 
3350	55 
3351	38 
3352	47 
3353	47 
3354	11 
3355	49 
3356	21 
3357	1 
3358	16 
3359	55 
3360	11 
3361	56 
3362	4 
3363	51 
3364	6 
3365	11 
3366	15 
3367	6 
3368	58 
3369	60 
3370	55 
3371	3 
3372	5 
3373	18 
3374	50 
3375	12 
3376	45 
3377	59 
3378	39 
3379	58 
3380	56 
3381	21 
3382	20 
3383	34 
3384	29 
3385	12 
3386	11 
3387	55 
3388	14 
3389	38 
3390	40 
3391	38 
3392	4 
3393	53 
3394	53 
3395	40 
3396	59 
3397	27 
3398	56 
3399	10 
3400	54 
3401	41 
3402	39 
3403	28 
3404	16 
3405	39 
3406	34 
3407	29 
3408	6 
3409	51 
3410	11 
3411	8 
3412	39 
3413	39 
3414	19 
3415	4 
3416	25 
3417	40 
3418	4 
3419	49 
3420	39 
3421	40 
3422	34 
3423	30 
3424	39 
3425	55 
3426	18 
3427	6 
3428	26 
3429	39 
3430	47 
3431	15 
3432	43 
3433	9 
3434	54 
3435	6 
3436	18 
3437	5 
3438	44 
3439	38 
3440	56 
3441	4 
3442	8 
3443	26 
3444	19 
3445	26 
3446	46 
3447	8 
3448	49 
3449	55 
3450	40 
3451	60 
3452	55 
3453	23 
3454	37 
3455	41 
3456	5 
3457	15 
3458	22 
3459	55 
3460	19 
3461	58 
3462	47 
3463	51 
3464	55 
3465	42 
3466	21 
3467	6 
3468	55 
3469	55 
3470	47 
3471	3 
3472	30 
3473	4 
3474	49 
3475	54 
3476	55 
3477	6 
3478	39 
3479	46 
3480	24 
3481	15 
3482	39 
3483	48 
3484	57 
3485	11 
3486	1 
3487	6 
3488	32 
3489	39 
3490	39 
3491	55 
3492	55 
3493	40 
3494	48 
3495	42 
3496	10 
3497	57 
3498	54 
3499	9 
3500	44 
3501	12 
3502	20 
3503	59 
3504	59 
3505	54 
3506	11 
3507	49 
3508	4 
3509	39 
3510	40 
3511	2 
3512	51 
3513	4 
3514	21 
3515	25 
3516	30 
3517	26 
3518	7 
3519	40 
3520	29 
3521	19 
3522	51 
3523	55 
3524	26 
3525	40 
3526	11 
3527	16 
3528	40 
3529	49 
3530	54 
3531	17 
3532	38 
3533	53 
3534	58 
3535	55 
3536	26 
3537	58 
3538	8 
3539	26 
3540	44 
3541	54 
3542	5 
3543	26 
3544	4 
3545	3 
3546	52 
3547	26 
3548	38 
3549	35 
3550	53 
3551	4 
3552	9 
3553	38 
3554	53 
3555	42 
3556	55 
3557	40 
3558	36 
3559	40 
3560	40 
3561	23 
3562	55 
3563	9 
3564	6 
3565	40 
3566	4 
3567	28 
3568	28 
3569	23 
3570	51 
3571	26 
3572	26 
3573	26 
3574	47 
3575	35 
3576	29 
3577	9 
3578	36 
3579	53 
3580	49 
3581	51 
3582	15 
3583	58 
3584	53 
3585	58 
3586	39 
3587	14 
3588	29 
3589	21 
3590	11 
3591	28 
3592	35 
3593	5 
3594	9 
3595	30 
3596	47 
3597	25 
3598	55 
3599	52 
3600	23 
3601	19 
3602	59 
3603	6 
3604	15 
3605	56 
3606	22 
3607	3 
3608	50 
3609	11 
3610	49 
3611	40 
3612	7 
3613	46 
3614	11 
3615	26 
3616	29 
3617	49 
3618	40 
3619	47 
3620	15 
3621	56 
3622	39 
3623	32 
3624	47 
3625	28 
3626	11 
3627	43 
3628	54 
3629	14 
3630	26 
3631	19 
3632	37 
3633	39 
3634	19 
3635	55 
3636	23 
3637	39 
3638	44 
3639	24 
3640	11 
3641	32 
3642	47 
3643	36 
3644	5 
3645	41 
3646	53 
3647	16 
3648	15 
3649	49 
3650	53 
3651	5 
3652	38 
3653	14 
3654	6 
3655	54 
3656	19 
3657	51 
3658	44 
3659	53 
3660	54 
3661	48 
3662	44 
3663	48 
3664	26 
3665	38 
3666	4 
3667	41 
3668	27 
3669	26 
3670	51 
3671	53 
3672	44 
3673	49 
3674	14 
3675	18 
3676	19 
3677	39 
3678	56 
3679	18 
3680	22 
3681	60 
3682	38 
3683	44 
3684	26 
3685	34 
3686	49 
3687	46 
3688	56 
3689	38 
3690	53 
3691	36 
3692	51 
3693	15 
3694	6 
3695	39 
3696	26 
3697	48 
3698	38 
3699	53 
3700	54 
3701	21 
3702	41 
3703	15 
3704	54 
3705	53 
3706	48 
3707	26 
3708	26 
3709	56 
3710	15 
3711	53 
3712	28 
3713	45 
3714	44 
3715	54 
3716	23 
3717	38 
3718	41 
3719	55 
3720	51 
3721	26 
3722	3 
3723	21 
3724	28 
3725	8 
3726	55 
3727	48 
3728	1 
3729	53 
3730	9 
3731	47 
3732	6 
3733	58 
3734	12 
3735	45 
3736	54 
3737	55 
3738	4 
3739	26 
3740	44 
3741	37 
3742	22 
3743	10 
3744	8 
3745	23 
3746	42 
3747	33 
3748	22 
3749	44 
3750	17 
3751	26 
3752	7 
3753	40 
3754	38 
3755	19 
3756	28 
3757	56 
3758	39 
3759	37 
3760	55 
3761	15 
3762	10 
3763	4 
3764	8 
3765	22 
3766	55 
3767	42 
3768	50 
3769	49 
3770	54 
3771	26 
3772	45 
3773	8 
3774	53 
3775	48 
3776	4 
3777	9 
3778	31 
3779	31 
3780	18 
3781	8 
3782	14 
3783	31 
3784	38 
3785	47 
3786	25 
3787	30 
3788	53 
3789	51 
3790	56 
3791	14 
3792	19 
3793	60 
3794	38 
3795	5 
3796	47 
3797	39 
3798	26 
3799	39 
3800	41 
3801	9 
3802	6 
3803	38 
3804	13 
3805	4 
3806	11 
3807	59 
3808	26 
3809	15 
3810	52 
3811	2 
3812	52 
3813	28 
3814	48 
3815	26 
3816	10 
3817	49 
3818	28 
3819	43 
3820	36 
3821	6 
3822	27 
3823	59 
3824	6 
3825	49 
3826	44 
3827	5 
3828	6 
3829	39 
3830	26 
3831	14 
3832	23 
3833	26 
3834	22 
3835	13 
3836	54 
3837	51 
3838	19 
3839	38 
3840	4 
3841	30 
3842	11 
3843	55 
3844	31 
3845	53 
3846	36 
3847	38 
3848	5 
3849	2 
3850	22 
3851	41 
3852	40 
3853	11 
3854	5 
3855	45 
3856	19 
3857	40 
3858	55 
3859	27 
3860	22 
3861	41 
3862	21 
3863	35 
3864	34 
3865	53 
3866	47 
3867	59 
3868	16 
3869	9 
3870	55 
3871	54 
3872	26 
3873	30 
3874	38 
3875	17 
3876	41 
3877	48 
3878	29 
3879	55 
3880	26 
3881	5 
3882	48 
3883	11 
3884	47 
3885	28 
3886	28 
3887	26 
3888	12 
3889	42 
3890	54 
3891	15 
3892	7 
3893	2 
3894	14 
3895	41 
3896	21 
3897	60 
3898	41 
3899	47 
3900	4 
3901	57 
3902	41 
3903	59 
3904	4 
3905	44 
3906	44 
3907	34 
3908	16 
3909	2 
3910	43 
3911	55 
3912	59 
3913	29 
3914	40 
3915	9 
3916	49 
3917	25 
3918	19 
3919	55 
3920	49 
3921	21 
3922	49 
3923	6 
3924	14 
3925	25 
3926	59 
3927	22 
3928	22 
3929	7 
3930	55 
3931	40 
3932	39 
3933	57 
3934	14 
3935	9 
3936	30 
3937	7 
3938	55 
3939	53 
3940	9 
3941	47 
3942	54 
3943	54 
3944	26 
3945	19 
3946	50 
3947	9 
3948	56 
3949	59 
3950	9 
3951	47 
3952	49 
3953	46 
3954	55 
3955	40 
3956	36 
3957	24 
3958	55 
3959	14 
3960	40 
3961	6 
3962	21 
3963	47 
3964	27 
3965	11 
3966	55 
3967	5 
3968	11 
3969	9 
3970	14 
3971	55 
3972	56 
3973	40 
3974	23 
3975	21 
3976	39 
3977	36 
3978	15 
3979	54 
3980	11 
3981	44 
3982	26 
3983	15 
3984	55 
3985	39 
3986	54 
3987	15 
3988	47 
3989	28 
3990	55 
3991	14 
3992	60 
3993	26 
3994	38 
3995	31 
3996	24 
3997	15 
3998	25 
3999	26 
4000	54 
4001	30 
4002	11 
4003	51 
4004	52 
4005	39 
4006	15 
4007	26 
4008	15 
4009	40 
4010	4 
4011	28 
4012	11 
4013	49 
4014	31 
4015	37 
4016	30 
4017	15 
4018	56 
4019	56 
4020	16 
4021	18 
4022	25 
4023	13 
4024	34 
4025	23 
4026	38 
4027	4 
4028	6 
4029	59 
4030	30 
4031	17 
4032	45 
4033	15 
4034	11 
4035	4 
4036	47 
4037	56 
4038	28 
4039	52 
4040	30 
4041	34 
4042	2 
4043	6 
4044	13 
4045	54 
4046	22 
4047	53 
4048	39 
4049	25 
4050	3 
4051	36 
4052	58 
4053	40 
4054	6 
4055	55 
4056	13 
4057	23 
4058	21 
4059	22 
4060	48 
4061	6 
4062	53 
4063	30 
4064	51 
4065	3 
4066	40 
4067	16 
4068	40 
4069	54 
4070	7 
4071	49 
4072	39 
4073	34 
4074	40 
4075	4 
4076	15 
4077	36 
4078	55 
4079	39 
4080	23 
4081	1 
4082	53 
4083	59 
4084	42 
4085	10 
4086	58 
4087	54 
4088	38 
4089	4 
4090	56 
4091	26 
4092	23 
4093	10 
4094	53 
4095	15 
4096	8 
4097	19 
4098	11 
4099	32 
4100	47 
4101	22 
4102	22 
4103	17 
4104	59 
4105	41 
4106	24 
4107	9 
4108	47 
4109	47 
4110	6 
4111	2 
4112	6 
4113	39 
4114	24 
4115	15 
4116	18 
4117	47 
4118	40 
4119	39 
4120	4 
4121	19 
4122	47 
4123	17 
4124	51 
4125	60 
4126	24 
4127	56 
4128	57 
4129	15 
4130	53 
4131	7 
4132	18 
4133	8 
4134	44 
4135	54 
4136	3 
4137	53 
4138	5 
4139	14 
4140	14 
4141	34 
4142	51 
4143	51 
4144	53 
4145	27 
4146	28 
4147	51 
4148	3 
4149	40 
4150	26 
4151	26 
4152	6 
4153	39 
4154	43 
4155	56 
4156	4 
4157	37 
4158	26 
4159	55 
4160	19 
4161	44 
4162	10 
4163	49 
4164	41 
4165	28 
4166	49 
4167	30 
4168	9 
4169	38 
4170	55 
4171	5 
4172	15 
4173	15 
4174	43 
4175	43 
4176	15 
4177	11 
4178	15 
4179	38 
4180	8 
4181	6 
4182	4 
4183	23 
4184	39 
4185	39 
4186	46 
4187	35 
4188	27 
4189	3 
4190	53 
4191	40 
4192	8 
4193	6 
4194	6 
4195	9 
4196	55 
4197	9 
4198	4 
4199	25 
4200	26 
4201	29 
4202	26 
4203	9 
4204	13 
4205	11 
4206	30 
4207	41 
4208	25 
4209	39 
4210	41 
4211	40 
4212	56 
4213	56 
4214	38 
4215	58 
4216	18 
4217	55 
4218	23 
4219	26 
4220	41 
4221	49 
4222	37 
4223	4 
4224	16 
4225	41 
4226	55 
4227	32 
4228	13 
4229	14 
4230	55 
4231	41 
4232	49 
4233	50 
4234	13 
4235	11 
4236	18 
4237	6 
4238	30 
4239	36 
4240	38 
4241	6 
4242	47 
4243	41 
4244	41 
4245	32 
4246	49 
4247	42 
4248	51 
4249	21 
4250	53 
4251	7 
4252	56 
4253	40 
4254	38 
4255	55 
4256	17 
4257	59 
4258	18 
4259	13 
4260	11 
4261	11 
4262	9 
4263	40 
4264	55 
4265	59 
4266	15 
4267	19 
4268	60 
4269	56 
4270	54 
4271	4 
4272	51 
4273	18 
4274	52 
4275	5 
4276	42 
4277	54 
4278	8 
4279	38 
4280	36 
4281	36 
4282	38 
4283	5 
4284	49 
4285	38 
4286	54 
4287	11 
4288	1 
4289	49 
4290	53 
4291	22 
4292	37 
4293	40 
4294	12 
4295	20 
4296	1 
4297	29 
4298	35 
4299	15 
4300	23 
4301	53 
4302	6 
4303	40 
4304	29 
4305	41 
4306	19 
4307	22 
4308	57 
4309	9 
4310	57 
4311	25 
4312	25 
4313	38 
4314	38 
4315	53 
4316	40 
4317	41 
4318	34 
4319	15 
4320	2 
4321	54 
4322	30 
4323	53 
4324	32 
4325	49 
4326	42 
4327	40 
4328	26 
4329	38 
4330	1 
4331	38 
4332	47 
4333	6 
4334	49 
4335	15 
4336	8 
4337	49 
4338	41 
4339	38 
4340	59 
4341	12 
4342	54 
4343	11 
4344	15 
4345	11 
4346	54 
4347	15 
4348	29 
4349	15 
4350	60 
4351	13 
4352	15 
4353	51 
4354	38 
4355	55 
4356	45 
4357	47 
4358	56 
4359	59 
4360	8 
4361	40 
4362	30 
4363	56 
4364	29 
4365	45 
4366	10 
4367	11 
4368	11 
4369	15 
4370	6 
4371	49 
4372	10 
4373	22 
4374	27 
4375	53 
4376	29 
4377	39 
4378	22 
4379	54 
4380	38 
4381	42 
4382	46 
4383	7 
4384	38 
4385	59 
4386	2 
4387	18 
4388	4 
4389	42 
4390	6 
4391	38 
4392	53 
4393	55 
4394	55 
4395	3 
4396	6 
4397	15 
4398	40 
4399	54 
4400	49 
4401	22 
4402	35 
4403	35 
4404	38 
4405	55 
4406	49 
4407	34 
4408	6 
4409	38 
4410	4 
4411	55 
4412	30 
4413	30 
4414	55 
4415	39 
4416	45 
4417	56 
4418	11 
4419	56 
4420	47 
4421	47 
4422	53 
4423	11 
4424	30 
4425	11 
4426	42 
4427	37 
4428	26 
4429	26 
4430	53 
4431	55 
4432	13 
4433	42 
4434	53 
4435	7 
4436	6 
4437	12 
4438	47 
4439	46 
4440	34 
4441	11 
4442	19 
4443	1 
4444	38 
4445	19 
4446	21 
4447	15 
4448	42 
4449	6 
4450	14 
4451	25 
4452	30 
4453	39 
4454	59 
4455	1 
4456	19 
4457	30 
4458	54 
4459	19 
4460	38 
4461	34 
4462	7 
4463	14 
4464	57 
4465	57 
4466	53 
4467	45 
4468	15 
4469	53 
4470	15 
4471	55 
4472	26 
4473	3 
4474	18 
4475	5 
4476	45 
4477	19 
4478	40 
4479	55 
4480	25 
4481	1 
4482	4 
4483	44 
4484	29 
4485	50 
4486	47 
4487	1 
4488	42 
4489	2 
4490	47 
4491	40 
4492	9 
4493	5 
4494	49 
4495	19 
4496	30 
4497	54 
4498	40 
4499	40 
4500	56 
4501	23 
4502	6 
4503	9 
4504	29 
4505	22 
4506	46 
4507	49 
4508	49 
4509	55 
4510	33 
4511	1 
4512	39 
4513	40 
4514	17 
4515	33 
4516	6 
4517	24 
4518	49 
4519	28 
4520	26 
4521	12 
4522	55 
4523	38 
4524	53 
4525	31 
4526	25 
4527	15 
4528	26 
4529	44 
4530	13 
4531	41 
4532	19 
4533	1 
4534	25 
4535	38 
4536	55 
4537	27 
4538	7 
4539	50 
4540	53 
4541	56 
4542	49 
4543	47 
4544	55 
4545	58 
4546	58 
4547	30 
4548	11 
4549	40 
4550	55 
4551	51 
4552	37 
4553	39 
4554	56 
4555	6 
4556	38 
4557	22 
4558	10 
4559	6 
4560	49 
4561	59 
4562	8 
4563	26 
4564	56 
4565	21 
4566	12 
4567	30 
4568	56 
4569	9 
4570	26 
4571	55 
4572	21 
4573	15 
4574	25 
4575	40 
4576	42 
4577	28 
4578	11 
4579	25 
4580	6 
4581	59 
4582	38 
4583	13 
4584	40 
4585	51 
4586	7 
4587	57 
4588	30 
4589	35 
4590	8 
4591	38 
4592	4 
4593	40 
4594	22 
4595	49 
4596	18 
4597	41 
4598	16 
4599	3 
4600	25 
4601	40 
4602	38 
4603	29 
4604	55 
4605	38 
4606	38 
4607	19 
4608	58 
4609	30 
4610	59 
4611	59 
4612	41 
4613	46 
4614	56 
4615	56 
4616	34 
4617	38 
4618	53 
4619	55 
4620	55 
4621	47 
4622	25 
4623	11 
4624	15 
4625	27 
4626	22 
4627	49 
4628	27 
4629	12 
4630	5 
4631	6 
4632	25 
4633	41 
4634	54 
4635	40 
4636	40 
4637	26 
4638	26 
4639	40 
4640	41 
4641	55 
4642	26 
4643	57 
4644	22 
4645	48 
4646	18 
4647	11 
4648	53 
4649	49 
4650	6 
4651	12 
4652	19 
4653	48 
4654	21 
4655	26 
4656	56 
4657	17 
4658	46 
4659	54 
4660	40 
4661	12 
4662	15 
4663	38 
4664	30 
4665	26 
4666	40 
4667	25 
4668	11 
4669	21 
4670	53 
4671	50 
4672	9 
4673	14 
4674	27 
4675	49 
4676	17 
4677	2 
4678	40 
4679	43 
4680	28 
4681	54 
4682	39 
4683	30 
4684	4 
4685	38 
4686	27 
4687	39 
4688	37 
4689	9 
4690	28 
4691	60 
4692	32 
4693	53 
4694	9 
4695	30 
4696	1 
4697	6 
4698	41 
4699	40 
4700	53 
4701	2 
4702	39 
4703	59 
4704	14 
4705	55 
4706	39 
4707	6 
4708	51 
4709	36 
4710	54 
4711	39 
4712	43 
4713	38 
4714	16 
4715	58 
4716	41 
4717	59 
4718	56 
4719	23 
4720	34 
4721	4 
4722	38 
4723	21 
4724	15 
4725	24 
4726	54 
4727	44 
4728	38 
4729	38 
4730	40 
4731	16 
4732	49 
4733	47 
4734	28 
4735	28 
4736	11 
4737	54 
4738	10 
4739	8 
4740	37 
4741	36 
4742	2 
4743	49 
4744	55 
4745	53 
4746	2 
4747	13 
4748	54 
4749	55 
4750	6 
4751	1 
4752	55 
4753	40 
4754	17 
4755	59 
4756	15 
4757	38 
4758	50 
4759	18 
4760	18 
4761	41 
4762	25 
4763	33 
4764	53 
4765	43 
4766	18 
4767	11 
4768	38 
4769	6 
4770	29 
4771	55 
4772	55 
4773	41 
4774	49 
4775	44 
4776	42 
4777	18 
4778	54 
4779	44 
4780	40 
4781	19 
4782	4 
4783	20 
4784	11 
4785	38 
4786	4 
4787	30 
4788	28 
4789	38 
4790	53 
4791	55 
4792	40 
4793	27 
4794	9 
4795	4 
4796	27 
4797	32 
4798	13 
4799	22 
4800	57 
4801	45 
4802	32 
4803	15 
4804	12 
4805	30 
4806	11 
4807	4 
4808	49 
4809	6 
4810	9 
4811	9 
4812	19 
4813	27 
4814	26 
4815	38 
4816	40 
4817	47 
4818	26 
4819	45 
4820	19 
4821	19 
4822	4 
4823	60 
4824	49 
4825	40 
4826	4 
4827	39 
4828	22 
4829	57 
4830	10 
4831	49 
4832	34 
4833	2 
4834	38 
4835	17 
4836	40 
4837	43 
4838	1 
4839	58 
4840	36 
4841	58 
4842	41 
4843	40 
4844	14 
4845	6 
4846	59 
4847	44 
4848	49 
4849	19 
4850	30 
4851	58 
4852	39 
4853	39 
4854	37 
4855	36 
4856	34 
4857	11 
4858	53 
4859	51 
4860	6 
4861	19 
4862	53 
4863	35 
4864	40 
4865	28 
4866	11 
4867	14 
4868	40 
4869	4 
4870	26 
4871	28 
4872	9 
4873	56 
4874	13 
4875	6 
4876	7 
4877	40 
4878	55 
4879	44 
4880	59 
4881	56 
4882	22 
4883	50 
4884	53 
4885	55 
4886	19 
4887	40 
4888	41 
4889	4 
4890	25 
4891	48 
4892	16 
4893	8 
4894	4 
4895	30 
4896	54 
4897	40 
4898	24 
4899	57 
4900	40 
4901	8 
4902	43 
4903	11 
4904	40 
4905	53 
4906	19 
4907	8 
4908	15 
4909	18 
4910	11 
4911	56 
4912	55 
4913	8 
4914	9 
4915	46 
4916	55 
4917	14 
4918	19 
4919	15 
4920	49 
4921	31 
4922	15 
4923	4 
4924	55 
4925	48 
4926	34 
4927	49 
4928	15 
4929	47 
4930	44 
4931	31 
4932	26 
4933	47 
4934	18 
4935	6 
4936	49 
4937	49 
4938	6 
4939	40 
4940	8 
4941	5 
4942	28 
4943	38 
4944	49 
4945	48 
4946	50 
4947	1 
4948	6 
4949	20 
4950	26 
4951	38 
4952	22 
4953	19 
4954	29 
4955	31 
4956	38 
4957	53 
4958	26 
4959	40 
4960	18 
4961	40 
4962	51 
4963	53 
4964	52 
4965	18 
4966	48 
4967	26 
4968	58 
4969	38 
4970	54 
4971	56 
4972	11 
4973	19 
4974	13 
4975	39 
4976	55 
4977	1 
4978	47 
4979	9 
4980	1 
4981	60 
4982	47 
4983	26 
4984	41 
4985	4 
4986	25 
4987	26 
4988	52 
4989	11 
4990	55 
4991	54 
4992	22 
4993	55 
4994	39 
4995	54 
4996	19 
4997	41 
4998	28 
4999	19 
5000	55 
5001	2 
5002	29 
5003	4 
5004	38 
5005	58 
5006	49 
5007	49 
5008	40 
5009	19 
5010	40 
5011	5 
5012	41 
5013	44 
5014	4 
5015	39 
5016	48 
5017	5 
5018	41 
5019	42 
5020	56 
5021	28 
5022	26 
5023	11 
5024	40 
5025	53 
5026	39 
5027	39 
5028	39 
5029	47 
5030	55 
5031	45 
5032	37 
5033	41 
5034	30 
5035	38 
5036	2 
5037	39 
5038	49 
5039	53 
5040	39 
5041	9 
5042	52 
5043	6 
5044	41 
5045	28 
5046	56 
5047	37 
5048	49 
5049	16 
5050	32 
5051	11 
5052	13 
5053	40 
5054	25 
5055	27 
5056	49 
5057	34 
5058	11 
5059	39 
5060	51 
5061	34 
5062	49 
5063	4 
5064	42 
5065	28 
5066	37 
5067	26 
5068	55 
5069	57 
5070	50 
5071	18 
5072	4 
5073	34 
5074	39 
5075	4 
5076	4 
5077	14 
5078	25 
5079	38 
5080	38 
5081	33 
5082	41 
5083	38 
5084	47 
5085	34 
5086	26 
5087	48 
5088	54 
5089	5 
5090	58 
5091	49 
5092	35 
5093	56 
5094	25 
5095	11 
5096	49 
5097	55 
5098	2 
5099	43 
5100	54 
5101	4 
5102	40 
5103	19 
5104	16 
5105	55 
5106	6 
5107	45 
5108	38 
5109	49 
5110	17 
5111	39 
5112	56 
5113	43 
5114	40 
5115	39 
5116	55 
5117	8 
5118	19 
5119	34 
5120	30 
5121	54 
5122	39 
5123	14 
5124	38 
5125	49 
5126	8 
5127	53 
5128	41 
5129	7 
5130	8 
5131	42 
5132	41 
5133	59 
5134	23 
5135	4 
5136	14 
5137	58 
5138	56 
5139	40 
5140	25 
5141	55 
5142	38 
5143	56 
5144	40 
5145	16 
5146	19 
5147	54 
5148	26 
5149	30 
5150	57 
5151	36 
5152	15 
5153	26 
5154	56 
5155	9 
5156	46 
5157	50 
5158	11 
5159	46 
5160	5 
5161	20 
5162	36 
5163	7 
5164	42 
5165	38 
5166	41 
5167	59 
5168	1 
5169	15 
5170	11 
5171	26 
5172	26 
5173	12 
5174	28 
5175	6 
5176	37 
5177	4 
5178	12 
5179	5 
5180	21 
5181	31 
5182	39 
5183	49 
5184	26 
5185	6 
5186	30 
5187	49 
5188	18 
5189	55 
5190	39 
5191	39 
5192	59 
5193	30 
5194	29 
5195	55 
5196	45 
5197	19 
5198	56 
5199	25 
5200	6 
5201	40 
5202	25 
5203	38 
5204	26 
5205	30 
5206	48 
5207	30 
5208	53 
5209	55 
5210	19 
5211	26 
5212	49 
5213	16 
5214	55 
5215	41 
5216	53 
5217	54 
5218	49 
5219	43 
5220	18 
5221	19 
5222	58 
5223	38 
5224	40 
5225	18 
5226	55 
5227	15 
5228	54 
5229	49 
5230	40 
5231	18 
5232	41 
5233	53 
5234	5 
5235	24 
5236	26 
5237	36 
5238	13 
5239	55 
5240	19 
5241	59 
5242	11 
5243	6 
5244	50 
5245	54 
5246	27 
5247	6 
5248	39 
5249	53 
5250	12 
5251	47 
5252	14 
5253	39 
5254	6 
5255	25 
5256	44 
5257	43 
5258	15 
5259	11 
5260	4 
5261	26 
5262	40 
5263	13 
5264	15 
5265	38 
5266	54 
5267	47 
5268	49 
5269	12 
5270	55 
5271	5 
5272	38 
5273	26 
5274	1 
5275	22 
5276	47 
5277	17 
5278	40 
5279	2 
5280	38 
5281	7 
5282	5 
5283	59 
5284	39 
5285	8 
5286	4 
5287	6 
5288	26 
5289	53 
5290	19 
5291	26 
5292	40 
5293	41 
5294	41 
5295	4 
5296	45 
5297	30 
5298	49 
5299	36 
5300	19 
5301	59 
5302	45 
5303	19 
5304	32 
5305	27 
5306	15 
5307	31 
5308	53 
5309	55 
5310	14 
5311	5 
5312	13 
5313	9 
5314	19 
5315	41 
5316	4 
5317	18 
5318	26 
5319	3 
5320	4 
5321	22 
5322	19 
5323	4 
5324	22 
5325	38 
5326	21 
5327	41 
5328	41 
5329	28 
5330	10 
5331	5 
5332	41 
5333	15 
5334	41 
5335	41 
5336	4 
5337	7 
5338	26 
5339	6 
5340	6 
5341	41 
5342	3 
5343	56 
5344	60 
5345	9 
5346	4 
5347	4 
5348	42 
5349	22 
5350	9 
5351	55 
5352	41 
5353	19 
5354	59 
5355	11 
5356	35 
5357	2 
5358	15 
5359	2 
5360	49 
5361	41 
5362	14 
5363	56 
5364	19 
5365	11 
5366	41 
5367	36 
5368	19 
5369	53 
5370	34 
5371	16 
5372	49 
5373	35 
5374	56 
5375	19 
5376	42 
5377	38 
5378	50 
5379	41 
5380	39 
5381	39 
5382	54 
5383	8 
5384	38 
5385	32 
5386	38 
5387	13 
5388	15 
5389	42 
5390	6 
5391	55 
5392	7 
5393	3 
5394	54 
5395	19 
5396	3 
5397	46 
5398	53 
5399	10 
5400	32 
5401	45 
5402	11 
5403	28 
5404	41 
5405	19 
5406	49 
5407	54 
5408	4 
5409	40 
5410	39 
5411	4 
5412	4 
5413	19 
5414	32 
5415	54 
5416	1 
5417	53 
5418	56 
5419	56 
5420	8 
5421	40 
5422	47 
5423	59 
5424	9 
5425	53 
5426	40 
5427	6 
5428	26 
5429	30 
5430	25 
5431	21 
5432	19 
5433	31 
5434	14 
5435	4 
5436	41 
5437	5 
5438	54 
5439	47 
5440	45 
5441	16 
5442	39 
5443	31 
5444	55 
5445	11 
5446	49 
5447	38 
5448	18 
5449	35 
5450	43 
5451	15 
5452	59 
5453	32 
5454	25 
5455	1 
5456	27 
5457	39 
5458	49 
5459	39 
5460	26 
5461	52 
5462	4 
5463	45 
5464	26 
5465	27 
5466	3 
5467	19 
5468	49 
5469	53 
5470	9 
5471	57 
5472	20 
5473	49 
5474	13 
5475	4 
5476	27 
5477	18 
5478	57 
5479	28 
5480	33 
5481	49 
5482	54 
5483	5 
5484	11 
5485	25 
5486	23 
5487	57 
5488	39 
5489	19 
5490	11 
5491	21 
5492	11 
5493	47 
5494	13 
5495	51 
5496	6 
5497	40 
5498	39 
5499	6 
5500	55 
5501	13 
5502	37 
5503	51 
5504	58 
5505	49 
5506	11 
5507	53 
5508	55 
5509	28 
5510	15 
5511	58 
5512	38 
5513	54 
5514	41 
5515	47 
5516	41 
5517	55 
5518	49 
5519	43 
5520	25 
5521	40 
5522	55 
5523	19 
5524	43 
5525	48 
5526	19 
5527	11 
5528	54 
5529	59 
5530	51 
5531	53 
5532	11 
5533	9 
5534	54 
5535	58 
5536	38 
5537	11 
5538	53 
5539	24 
5540	49 
5541	53 
5542	39 
5543	15 
5544	9 
5545	26 
5546	51 
5547	26 
5548	27 
5549	30 
5550	34 
5551	59 
5552	40 
5553	59 
5554	32 
5555	36 
5556	40 
5557	49 
5558	15 
5559	2 
5560	11 
5561	19 
5562	38 
5563	15 
5564	39 
5565	54 
5566	30 
5567	18 
5568	29 
5569	53 
5570	8 
5571	40 
5572	11 
5573	6 
5574	48 
5575	44 
5576	10 
5577	50 
5578	43 
5579	40 
5580	26 
5581	46 
5582	38 
5583	6 
5584	15 
5585	38 
5586	53 
5587	49 
5588	2 
5589	41 
5590	40 
5591	6 
5592	38 
5593	40 
5594	40 
5595	58 
5596	53 
5597	39 
5598	32 
5599	8 
5600	13 
5601	5 
5602	49 
5603	19 
5604	15 
5605	34 
5606	55 
5607	41 
5608	1 
5609	49 
5610	47 
5611	46 
5612	34 
5613	53 
5614	13 
5615	40 
5616	21 
5617	19 
5618	49 
5619	58 
5620	37 
5621	41 
5622	55 
5623	26 
5624	7 
5625	42 
5626	34 
5627	40 
5628	40 
5629	49 
5630	5 
5631	36 
5632	1 
5633	57 
5634	6 
5635	4 
5636	4 
5637	53 
5638	39 
5639	16 
5640	4 
5641	50 
5642	45 
5643	28 
5644	6 
5645	39 
5646	26 
5647	38 
5648	27 
5649	4 
5650	9 
5651	40 
5652	6 
5653	41 
5654	11 
5655	58 
5656	37 
5657	15 
5658	19 
5659	40 
5660	49 
5661	22 
5662	45 
5663	2 
5664	11 
5665	26 
5666	47 
5667	39 
5668	46 
5669	19 
5670	56 
5671	55 
5672	24 
5673	4 
5674	11 
5675	26 
5676	7 
5677	52 
5678	38 
5679	23 
5680	22 
5681	41 
5682	26 
5683	9 
5684	39 
5685	59 
5686	44 
5687	39 
5688	6 
5689	27 
5690	26 
5691	15 
5692	30 
5693	54 
5694	26 
5695	23 
5696	6 
5697	16 
5698	24 
5699	54 
5700	56 
5701	6 
5702	32 
5703	39 
5704	9 
5705	6 
5706	44 
5707	30 
5708	54 
5709	54 
5710	34 
5711	11 
5712	25 
5713	1 
5714	6 
5715	12 
5716	56 
5717	12 
5718	39 
5719	42 
5720	46 
5721	19 
5722	57 
5723	13 
5724	7 
5725	23 
5726	49 
5727	56 
5728	25 
5729	2 
5730	40 
5731	43 
5732	49 
5733	38 
5734	51 
5735	58 
5736	47 
5737	7 
5738	20 
5739	40 
5740	46 
5741	53 
5742	53 
5743	4 
5744	26 
5745	18 
5746	11 
5747	10 
5748	53 
5749	5 
5750	56 
5751	55 
5752	6 
5753	43 
5754	8 
5755	16 
5756	28 
5757	58 
5758	5 
5759	25 
5760	41 
5761	55 
5762	19 
5763	13 
5764	6 
5765	41 
5766	38 
5767	4 
5768	56 
5769	5 
5770	20 
5771	41 
5772	56 
5773	54 
5774	32 
5775	8 
5776	27 
5777	54 
5778	29 
5779	9 
5780	41 
5781	30 
5782	39 
5783	26 
5784	26 
5785	28 
5786	26 
5787	53 
5788	28 
5789	49 
5790	56 
5791	38 
5792	5 
5793	25 
5794	18 
5795	1 
5796	38 
5797	54 
5798	40 
5799	16 
5800	55 
5801	29 
5802	7 
5803	25 
5804	36 
5805	6 
5806	18 
5807	7 
5808	28 
5809	56 
5810	43 
5811	25 
5812	21 
5813	19 
5814	40 
5815	19 
5816	11 
5817	30 
5818	11 
5819	27 
5820	56 
5821	48 
5822	41 
5823	3 
5824	23 
5825	4 
5826	23 
5827	28 
5828	56 
5829	49 
5830	55 
5831	55 
5832	26 
5833	6 
5834	12 
5835	9 
5836	23 
5837	53 
5838	52 
5839	55 
5840	3 
5841	36 
5842	47 
5843	25 
5844	19 
5845	6 
5846	46 
5847	30 
5848	56 
5849	38 
5850	43 
5851	49 
5852	7 
5853	12 
5854	44 
5855	56 
5856	39 
5857	55 
5858	4 
5859	49 
5860	26 
5861	11 
5862	22 
5863	4 
5864	39 
5865	39 
5866	6 
5867	48 
5868	51 
5869	49 
5870	15 
5871	48 
5872	5 
5873	12 
5874	54 
5875	21 
5876	58 
5877	43 
5878	49 
5879	11 
5880	40 
5881	43 
5882	11 
5883	39 
5884	39 
5885	38 
5886	36 
5887	26 
5888	42 
5889	39 
5890	20 
5891	56 
5892	42 
5893	6 
5894	28 
5895	30 
5896	27 
5897	51 
5898	33 
5899	1 
5900	35 
5901	60 
5902	49 
5903	34 
5904	26 
5905	11 
5906	38 
5907	22 
5908	39 
5909	18 
5910	22 
5911	28 
5912	11 
5913	59 
5914	55 
5915	51 
5916	4 
5917	11 
5918	54 
5919	54 
5920	52 
5921	19 
5922	4 
5923	4 
5924	36 
5925	22 
5926	26 
5927	13 
5928	32 
5929	49 
5930	41 
5931	30 
5932	58 
5933	11 
5934	41 
5935	41 
5936	6 
5937	6 
5938	7 
5939	13 
5940	49 
5941	55 
5942	49 
5943	26 
5944	6 
5945	38 
5946	48 
5947	52 
5948	42 
5949	1 
5950	56 
5951	26 
5952	45 
5953	18 
5954	41 
5955	19 
5956	11 
5957	39 
5958	1 
5959	55 
5960	11 
5961	4 
5962	26 
5963	14 
5964	39 
5965	54 
5966	26 
5967	18 
5968	59 
5969	32 
5970	15 
5971	54 
5972	59 
5973	7 
5974	48 
5975	21 
5976	45 
5977	55 
5978	41 
5979	43 
5980	39 
5981	40 
5982	23 
5983	11 
5984	15 
5985	53 
5986	3 
5987	44 
5988	30 
5989	30 
5990	55 
5991	49 
5992	11 
5993	39 
5994	21 
5995	40 
5996	50 
5997	42 
5998	46 
5999	12 
6000	9 
6001	38 
6002	28 
6003	26 
6004	28 
6005	40 
6006	13 
6007	6 
6008	6 
6009	4 
6010	38 
6011	34 
6012	19 
6013	43 
6014	41 
6015	45 
6016	15 
6017	22 
6018	52 
6019	27 
6020	41 
6021	40 
6022	49 
6023	39 
6024	55 
6025	19 
6026	30 
6027	40 
6028	28 
6029	12 
6030	48 
6031	39 
6032	55 
6033	14 
6034	19 
6035	40 
6036	26 
6037	44 
6038	5 
6039	4 
6040	7 
6041	41 
6042	11 
6043	36 
6044	59 
6045	57 
6046	25 
6047	26 
6048	49 
6049	49 
6050	3 
6051	40 
6052	14 
6053	15 
6054	51 
6055	4 
6056	39 
6057	37 
6058	24 
6059	49 
6060	53 
6061	4 
6062	19 
6063	29 
6064	7 
6065	39 
6066	16 
6067	51 
6068	8 
6069	15 
6070	6 
6071	56 
6072	33 
6073	25 
6074	58 
6075	45 
6076	9 
6077	18 
6078	23 
6079	29 
6080	47 
6081	11 
6082	38 
6083	11 
6084	6 
6085	32 
6086	47 
6087	6 
6088	26 
6089	38 
6090	15 
6091	55 
6092	49 
6093	30 
6094	15 
6095	38 
6096	11 
6097	15 
6098	5 
6099	17 
6100	50 
6101	51 
6102	6 
6103	49 
6104	6 
6105	49 
6106	40 
6107	11 
6108	49 
6109	40 
6110	22 
6111	56 
6112	49 
6113	39 
6114	59 
6115	15 
6116	40 
6117	26 
6118	39 
6119	16 
6120	48 
6121	15 
6122	31 
6123	50 
6124	31 
6125	23 
6126	5 
6127	15 
6128	26 
6129	30 
6130	39 
6131	49 
6132	54 
6133	44 
6134	41 
6135	2 
6136	32 
6137	36 
6138	23 
6139	55 
6140	10 
6141	33 
6142	58 
6143	39 
6144	6 
6145	54 
6146	2 
6147	11 
6148	29 
6149	32 
6150	51 
6151	39 
6152	22 
6153	54 
6154	30 
6155	40 
6156	55 
6157	38 
6158	15 
6159	35 
6160	54 
6161	38 
6162	54 
6163	15 
6164	14 
6165	23 
6166	55 
6167	6 
6168	10 
6169	54 
6170	58 
6171	18 
6172	55 
6173	57 
6174	39 
6175	45 
6176	47 
6177	15 
6178	28 
6179	59 
6180	1 
6181	11 
6182	26 
6183	59 
6184	56 
6185	54 
6186	26 
6187	26 
6188	26 
6189	36 
6190	56 
6191	35 
6192	58 
6193	48 
6194	15 
6195	44 
6196	29 
6197	60 
6198	55 
6199	41 
6200	30 
6201	14 
6202	56 
6203	33 
6204	54 
6205	42 
6206	51 
6207	36 
6208	33 
6209	38 
6210	38 
6211	14 
6212	13 
6213	16 
6214	47 
6215	14 
6216	31 
6217	20 
6218	38 
6219	56 
6220	19 
6221	39 
6222	26 
6223	55 
6224	6 
6225	25 
6226	40 
6227	55 
6228	28 
6229	6 
6230	40 
6231	48 
6232	16 
6233	41 
6234	15 
6235	20 
6236	25 
6237	40 
6238	59 
6239	9 
6240	11 
6241	51 
6242	11 
6243	47 
6244	38 
6245	56 
6246	33 
6247	7 
6248	38 
6249	53 
6250	28 
6251	44 
6252	27 
6253	39 
6254	21 
6255	40 
6256	6 
6257	21 
6258	48 
6259	39 
6260	2 
6261	54 
6262	38 
6263	38 
6264	41 
6265	6 
6266	14 
6267	53 
6268	30 
6269	18 
6270	41 
6271	52 
6272	41 
6273	11 
6274	40 
6275	41 
6276	54 
6277	47 
6278	14 
6279	17 
6280	30 
6281	38 
6282	58 
6283	39 
6284	25 
6285	41 
6286	34 
6287	38 
6288	5 
6289	36 
6290	51 
6291	13 
6292	40 
6293	57 
6294	53 
6295	4 
6296	11 
6297	49 
6298	39 
6299	49 
6300	55 
6301	21 
6302	22 
6303	45 
6304	53 
6305	42 
6306	43 
6307	54 
6308	38 
6309	41 
6310	55 
6311	15 
6312	56 
6313	15 
6314	47 
6315	15 
6316	34 
6317	17 
6318	4 
6319	25 
6320	23 
6321	53 
6322	12 
6323	39 
6324	40 
6325	30 
6326	45 
6327	54 
6328	19 
6329	24 
6330	45 
6331	9 
6332	40 
6333	21 
6334	16 
6335	38 
6336	40 
6337	49 
6338	60 
6339	13 
6340	51 
6341	47 
6342	60 
6343	15 
6344	55 
6345	39 
6346	39 
6347	22 
6348	47 
6349	39 
6350	11 
6351	16 
6352	55 
6353	58 
6354	3 
6355	54 
6356	51 
6357	31 
6358	53 
6359	55 
6360	50 
6361	5 
6362	15 
6363	11 
6364	27 
6365	12 
6366	41 
6367	15 
6368	38 
6369	40 
6370	54 
6371	15 
6372	7 
6373	18 
6374	47 
6375	56 
6376	13 
6377	47 
6378	49 
6379	40 
6380	21 
6381	26 
6382	56 
6383	30 
6384	47 
6385	54 
6386	45 
6387	49 
6388	53 
6389	19 
6390	35 
6391	25 
6392	42 
6393	22 
6394	38 
6395	37 
6396	16 
6397	60 
6398	42 
6399	56 
6400	25 
6401	52 
6402	30 
6403	47 
6404	49 
6405	9 
6406	25 
6407	11 
6408	7 
6409	6 
6410	54 
6411	6 
6412	41 
6413	51 
6414	39 
6415	54 
6416	58 
6417	11 
6418	55 
6419	26 
6420	9 
6421	25 
6422	38 
6423	53 
6424	13 
6425	18 
6426	23 
6427	16 
6428	37 
6429	49 
6430	12 
6431	4 
6432	58 
6433	34 
6434	52 
6435	25 
6436	34 
6437	23 
6438	40 
6439	4 
6440	9 
6441	10 
6442	34 
6443	25 
6444	3 
6445	24 
6446	54 
6447	54 
6448	58 
6449	7 
6450	6 
6451	31 
6452	40 
6453	11 
6454	14 
6455	6 
6456	60 
6457	53 
6458	54 
6459	39 
6460	30 
6461	40 
6462	40 
6463	49 
6464	26 
6465	25 
6466	53 
6467	9 
6468	49 
6469	54 
6470	49 
6471	56 
6472	11 
6473	55 
6474	34 
6475	55 
6476	26 
6477	11 
6478	5 
6479	41 
6480	22 
6481	39 
6482	12 
6483	16 
6484	49 
6485	55 
6486	6 
6487	43 
6488	30 
6489	51 
6490	11 
6491	49 
6492	23 
6493	58 
6494	6 
6495	55 
6496	10 
6497	59 
6498	26 
6499	31 
6500	9 
6501	39 
6502	30 
6503	52 
6504	21 
6505	48 
6506	7 
6507	25 
6508	15 
6509	29 
6510	59 
6511	47 
6512	33 
6513	4 
6514	22 
6515	14 
6516	59 
6517	57 
6518	34 
6519	40 
6520	11 
6521	41 
6522	19 
6523	40 
6524	49 
6525	19 
6526	11 
6527	54 
6528	36 
6529	56 
6530	18 
6531	58 
6532	30 
6533	40 
6534	60 
6535	55 
6536	39 
6537	54 
6538	23 
6539	41 
6540	12 
6541	60 
6542	4 
6543	54 
6544	49 
6545	41 
6546	23 
6547	41 
6548	40 
6549	6 
6550	40 
6551	6 
6552	8 
6553	48 
6554	38 
6555	58 
6556	49 
6557	55 
6558	3 
6559	15 
6560	19 
6561	39 
6562	27 
6563	10 
6564	41 
6565	13 
6566	15 
6567	23 
6568	22 
6569	6 
6570	49 
6571	49 
6572	6 
6573	6 
6574	49 
6575	22 
6576	6 
6577	40 
6578	28 
6579	40 
6580	48 
6581	14 
6582	55 
6583	45 
6584	55 
6585	56 
6586	47 
6587	19 
6588	9 
6589	11 
6590	48 
6591	9 
6592	54 
6593	54 
6594	40 
6595	19 
6596	44 
6597	26 
6598	13 
6599	47 
6600	53 
6601	5 
6602	22 
6603	54 
6604	59 
6605	2 
6606	4 
6607	18 
6608	19 
6609	45 
6610	47 
6611	26 
6612	53 
6613	38 
6614	38 
6615	25 
6616	40 
6617	4 
6618	50 
6619	26 
6620	60 
6621	19 
6622	28 
6623	48 
6624	46 
6625	7 
6626	34 
6627	54 
6628	23 
6629	43 
6630	13 
6631	31 
6632	26 
6633	30 
6634	54 
6635	30 
6636	39 
6637	9 
6638	16 
6639	40 
6640	28 
6641	22 
6642	22 
6643	55 
6644	41 
6645	55 
6646	41 
6647	26 
6648	45 
6649	38 
6650	25 
6651	44 
6652	20 
6653	15 
6654	44 
6655	41 
6656	26 
6657	49 
6658	49 
6659	27 
6660	15 
6661	26 
6662	41 
6663	39 
6664	53 
6665	51 
6666	19 
6667	25 
6668	57 
6669	33 
6670	26 
6671	19 
6672	29 
6673	41 
6674	44 
6675	22 
6676	11 
6677	16 
6678	41 
6679	48 
6680	39 
6681	10 
6682	1 
6683	11 
6684	42 
6685	54 
6686	17 
6687	30 
6688	49 
6689	22 
6690	4 
6691	44 
6692	51 
6693	40 
6694	55 
6695	15 
6696	5 
6697	22 
6698	41 
6699	54 
6700	54 
6701	40 
6702	34 
6703	58 
6704	37 
6705	6 
6706	57 
6707	22 
6708	51 
6709	50 
6710	54 
6711	4 
6712	6 
6713	8 
6714	30 
6715	40 
6716	39 
6717	9 
6718	22 
6719	6 
6720	58 
6721	56 
6722	6 
6723	46 
6724	26 
6725	56 
6726	47 
6727	6 
6728	41 
6729	22 
6730	3 
6731	30 
6732	52 
6733	39 
6734	28 
6735	16 
6736	11 
6737	38 
6738	49 
6739	44 
6740	47 
6741	19 
6742	42 
6743	11 
6744	55 
6745	28 
6746	4 
6747	55 
6748	41 
6749	5 
6750	9 
6751	47 
6752	56 
6753	9 
6754	4 
6755	47 
6756	39 
6757	39 
6758	9 
6759	54 
6760	50 
6761	11 
6762	48 
6763	42 
6764	14 
6765	23 
6766	54 
6767	18 
6768	55 
6769	30 
6770	27 
6771	27 
6772	56 
6773	4 
6774	40 
6775	40 
6776	8 
6777	54 
6778	51 
6779	30 
6780	21 
6781	51 
6782	32 
6783	40 
6784	27 
6785	11 
6786	18 
6787	2 
6788	39 
6789	56 
6790	54 
6791	39 
6792	2 
6793	55 
6794	42 
6795	22 
6796	39 
6797	20 
6798	48 
6799	58 
6800	26 
6801	34 
6802	55 
6803	23 
6804	58 
6805	21 
6806	17 
6807	53 
6808	47 
6809	26 
6810	11 
6811	16 
6812	52 
6813	47 
6814	38 
6815	6 
6816	56 
6817	52 
6818	14 
6819	2 
6820	13 
6821	37 
6822	45 
6823	4 
6824	55 
6825	11 
6826	5 
6827	11 
6828	41 
6829	54 
6830	11 
6831	30 
6832	1 
6833	48 
6834	15 
6835	38 
6836	4 
6837	1 
6838	59 
6839	17 
6840	30 
6841	6 
6842	44 
6843	47 
6844	53 
6845	8 
6846	22 
6847	57 
6848	56 
6849	14 
6850	52 
6851	55 
6852	19 
6853	26 
6854	30 
6855	51 
6856	34 
6857	29 
6858	40 
6859	18 
6860	27 
6861	3 
6862	37 
6863	53 
6864	49 
6865	37 
6866	25 
6867	57 
6868	6 
6869	43 
6870	55 
6871	19 
6872	11 
6873	26 
6874	4 
6875	34 
6876	55 
6877	50 
6878	16 
6879	6 
6880	49 
6881	51 
6882	56 
6883	53 
6884	15 
6885	45 
6886	11 
6887	26 
6888	55 
6889	26 
6890	49 
6891	53 
6892	17 
6893	41 
6894	57 
6895	40 
6896	46 
6897	39 
6898	7 
6899	49 
6900	6 
6901	17 
6902	4 
6903	1 
6904	17 
6905	6 
6906	28 
6907	57 
6908	49 
6909	47 
6910	55 
6911	55 
6912	1 
6913	36 
6914	36 
6915	26 
6916	19 
6917	22 
6918	55 
6919	23 
6920	56 
6921	38 
6922	26 
6923	46 
6924	28 
6925	29 
6926	26 
6927	22 
6928	49 
6929	13 
6930	45 
6931	34 
6932	11 
6933	55 
6934	30 
6935	21 
6936	46 
6937	54 
6938	22 
6939	26 
6940	51 
6941	54 
6942	41 
6943	19 
6944	30 
6945	55 
6946	44 
6947	9 
6948	46 
6949	9 
6950	51 
6951	44 
6952	49 
6953	58 
6954	6 
6955	24 
6956	38 
6957	37 
6958	55 
6959	15 
6960	53 
6961	24 
6962	39 
6963	23 
6964	47 
6965	4 
6966	47 
6967	41 
6968	11 
6969	49 
6970	40 
6971	32 
6972	47 
6973	56 
6974	6 
6975	34 
6976	13 
6977	55 
6978	4 
6979	6 
6980	55 
6981	43 
6982	14 
6983	41 
6984	49 
6985	29 
6986	42 
6987	19 
6988	19 
6989	9 
6990	49 
6991	55 
6992	11 
6993	4 
6994	56 
6995	5 
6996	24 
6997	4 
6998	53 
6999	53 
7000	7 
7001	6 
7002	25 
7003	42 
7004	53 
7005	54 
7006	55 
7007	1 
7008	38 
7009	53 
7010	8 
7011	13 
7012	26 
7013	15 
7014	55 
7015	6 
7016	23 
7017	22 
7018	40 
7019	18 
7020	19 
7021	60 
7022	54 
7023	15 
7024	38 
7025	38 
7026	40 
7027	53 
7028	15 
7029	11 
7030	49 
7031	54 
7032	15 
7033	9 
7034	57 
7035	12 
7036	45 
7037	54 
7038	9 
7039	28 
7040	1 
7041	4 
7042	19 
7043	54 
7044	47 
7045	13 
7046	45 
7047	54 
7048	29 
7049	54 
7050	30 
7051	55 
7052	19 
7053	48 
7054	28 
7055	24 
7056	39 
7057	34 
7058	15 
7059	25 
7060	45 
7061	1 
7062	22 
7063	56 
7064	25 
7065	55 
7066	39 
7067	15 
7068	7 
7069	41 
7070	16 
7071	22 
7072	56 
7073	38 
7074	49 
7075	16 
7076	53 
7077	27 
7078	30 
7079	55 
7080	11 
7081	22 
7082	33 
7083	14 
7084	34 
7085	58 
7086	11 
7087	28 
7088	54 
7089	4 
7090	40 
7091	11 
7092	26 
7093	49 
7094	14 
7095	46 
7096	19 
7097	22 
7098	39 
7099	19 
7100	4 
7101	15 
7102	38 
7103	14 
7104	10 
7105	9 
7106	55 
7107	40 
7108	44 
7109	49 
7110	33 
7111	19 
7112	30 
7113	28 
7114	26 
7115	47 
7116	27 
7117	53 
7118	51 
7119	57 
7120	46 
7121	19 
7122	26 
7123	51 
7124	30 
7125	23 
7126	4 
7127	21 
7128	4 
7129	11 
7130	6 
7131	16 
7132	23 
7133	15 
7134	54 
7135	51 
7136	22 
7137	16 
7138	15 
7139	40 
7140	53 
7141	8 
7142	60 
7143	49 
7144	11 
7145	41 
7146	48 
7147	30 
7148	49 
7149	38 
7150	5 
7151	12 
7152	49 
7153	56 
7154	44 
7155	26 
7156	54 
7157	38 
7158	6 
7159	15 
7160	56 
7161	39 
7162	4 
7163	39 
7164	19 
7165	44 
7166	33 
7167	56 
7168	2 
7169	47 
7170	38 
7171	40 
7172	55 
7173	15 
7174	19 
7175	27 
7176	59 
7177	42 
7178	55 
7179	39 
7180	38 
7181	40 
7182	6 
7183	22 
7184	26 
7185	49 
7186	59 
7187	18 
7188	4 
7189	2 
7190	55 
7191	59 
7192	56 
7193	51 
7194	55 
7195	40 
7196	40 
7197	38 
7198	49 
7199	30 
7200	9 
7201	44 
7202	59 
7203	5 
7204	25 
7205	55 
7206	53 
7207	11 
7208	11 
7209	55 
7210	59 
7211	19 
7212	40 
7213	58 
7214	14 
7215	41 
7216	51 
7217	26 
7218	53 
7219	53 
7220	26 
7221	15 
7222	30 
7223	40 
7224	47 
7225	11 
7226	26 
7227	41 
7228	4 
7229	54 
7230	25 
7231	36 
7232	22 
7233	16 
7234	41 
7235	23 
7236	28 
7237	49 
7238	59 
7239	39 
7240	9 
7241	47 
7242	26 
7243	15 
7244	26 
7245	53 
7246	1 
7247	7 
7248	56 
7249	2 
7250	51 
7251	54 
7252	53 
7253	26 
7254	53 
7255	59 
7256	41 
7257	15 
7258	38 
7259	14 
7260	50 
7261	28 
7262	26 
7263	41 
7264	58 
7265	38 
7266	25 
7267	58 
7268	23 
7269	53 
7270	39 
7271	55 
7272	53 
7273	2 
7274	41 
7275	55 
7276	13 
7277	40 
7278	41 
7279	48 
7280	18 
7281	23 
7282	1 
7283	59 
7284	48 
7285	22 
7286	26 
7287	11 
7288	3 
7289	40 
7290	41 
7291	51 
7292	30 
7293	2 
7294	55 
7295	38 
7296	12 
7297	25 
7298	22 
7299	28 
7300	11 
7301	11 
7302	46 
7303	31 
7304	25 
7305	22 
7306	34 
7307	59 
7308	10 
7309	1 
7310	55 
7311	19 
7312	29 
7313	50 
7314	5 
7315	3 
7316	4 
7317	14 
7318	15 
7319	49 
7320	49 
7321	28 
7322	34 
7323	12 
7324	13 
7325	9 
7326	56 
7327	15 
7328	54 
7329	59 
7330	41 
7331	30 
7332	55 
7333	47 
7334	11 
7335	6 
7336	41 
7337	40 
7338	47 
7339	49 
7340	51 
7341	45 
7342	10 
7343	12 
7344	37 
7345	40 
7346	5 
7347	11 
7348	49 
7349	7 
7350	40 
7351	40 
7352	25 
7353	1 
7354	4 
7355	30 
7356	48 
7357	22 
7358	4 
7359	13 
7360	55 
7361	51 
7362	47 
7363	51 
7364	54 
7365	55 
7366	26 
7367	4 
7368	51 
7369	4 
7370	41 
7371	34 
7372	38 
7373	38 
7374	16 
7375	22 
7376	53 
7377	17 
7378	40 
7379	1 
7380	58 
7381	54 
7382	47 
7383	41 
7384	38 
7385	1 
7386	39 
7387	45 
7388	58 
7389	11 
7390	26 
7391	30 
7392	22 
7393	3 
7394	19 
7395	40 
7396	9 
7397	41 
7398	38 
7399	18 
7400	49 
7401	47 
7402	22 
7403	4 
7404	6 
7405	16 
7406	26 
7407	4 
7408	10 
7409	38 
7410	6 
7411	33 
7412	26 
7413	11 
7414	4 
7415	43 
7416	31 
7417	18 
7418	11 
7419	40 
7420	47 
7421	47 
7422	18 
7423	2 
7424	49 
7425	39 
7426	25 
7427	28 
7428	16 
7429	11 
7430	52 
7431	4 
7432	14 
7433	18 
7434	16 
7435	14 
7436	44 
7437	17 
7438	33 
7439	34 
7440	40 
7441	37 
7442	25 
7443	30 
7444	54 
7445	58 
7446	27 
7447	1 
7448	32 
7449	47 
7450	46 
7451	38 
7452	51 
7453	55 
7454	31 
7455	40 
7456	11 
7457	41 
7458	47 
7459	44 
7460	26 
7461	54 
7462	39 
7463	47 
7464	58 
7465	56 
7466	44 
7467	44 
7468	34 
7469	41 
7470	38 
7471	4 
7472	6 
7473	44 
7474	59 
7475	59 
7476	32 
7477	23 
7478	24 
7479	55 
7480	41 
7481	60 
7482	7 
7483	14 
7484	45 
7485	38 
7486	14 
7487	27 
7488	4 
7489	54 
7490	43 
7491	15 
7492	51 
7493	23 
7494	55 
7495	55 
7496	25 
7497	39 
7498	6 
7499	55 
7500	22 
7501	4 
7502	26 
7503	25 
7504	39 
7505	59 
7506	41 
7507	56 
7508	14 
7509	38 
7510	6 
7511	30 
7512	20 
7513	49 
7514	4 
7515	49 
7516	2 
7517	56 
7518	19 
7519	54 
7520	6 
7521	4 
7522	59 
7523	1 
7524	55 
7525	19 
7526	12 
7527	47 
7528	23 
7529	46 
7530	6 
7531	53 
7532	40 
7533	33 
7534	40 
7535	4 
7536	19 
7537	40 
7538	54 
7539	17 
7540	31 
7541	40 
7542	54 
7543	12 
7544	16 
7545	15 
7546	38 
7547	49 
7548	5 
7549	2 
7550	18 
7551	47 
7552	42 
7553	15 
7554	57 
7555	25 
7556	2 
7557	40 
7558	26 
7559	26 
7560	51 
7561	38 
7562	42 
7563	26 
7564	6 
7565	4 
7566	58 
7567	35 
7568	15 
7569	31 
7570	6 
7571	56 
7572	20 
7573	26 
7574	42 
7575	49 
7576	15 
7577	2 
7578	54 
7579	47 
7580	40 
7581	15 
7582	30 
7583	20 
7584	36 
7585	15 
7586	37 
7587	26 
7588	49 
7589	55 
7590	33 
7591	1 
7592	28 
7593	19 
7594	11 
7595	36 
7596	53 
7597	34 
7598	47 
7599	4 
7600	15 
7601	42 
7602	56 
7603	54 
7604	26 
7605	34 
7606	49 
7607	17 
7608	55 
7609	16 
7610	46 
7611	38 
7612	40 
7613	6 
7614	55 
7615	55 
7616	48 
7617	19 
7618	37 
7619	55 
7620	6 
7621	53 
7622	43 
7623	11 
7624	39 
7625	40 
7626	40 
7627	58 
7628	54 
7629	19 
7630	11 
7631	40 
7632	48 
7633	17 
7634	19 
7635	26 
7636	12 
7637	40 
7638	20 
7639	51 
7640	40 
7641	39 
7642	11 
7643	25 
7644	9 
7645	4 
7646	54 
7647	38 
7648	11 
7649	15 
7650	58 
7651	26 
7652	53 
7653	40 
7654	19 
7655	51 
7656	15 
7657	40 
7658	45 
7659	38 
7660	39 
7661	30 
7662	51 
7663	21 
7664	44 
7665	39 
7666	57 
7667	41 
7668	58 
7669	41 
7670	38 
7671	3 
7672	6 
7673	9 
7674	51 
7675	55 
7676	13 
7677	58 
7678	4 
7679	38 
7680	25 
7681	6 
7682	31 
7683	33 
7684	26 
7685	41 
7686	15 
7687	19 
7688	47 
7689	6 
7690	19 
7691	18 
7692	55 
7693	54 
7694	6 
7695	22 
7696	19 
7697	35 
7698	1 
7699	47 
7700	26 
7701	3 
7702	40 
7703	45 
7704	22 
7705	21 
7706	39 
7707	55 
7708	16 
7709	39 
7710	14 
7711	9 
7712	15 
7713	25 
7714	39 
7715	31 
7716	15 
7717	57 
7718	53 
7719	14 
7720	16 
7721	5 
7722	37 
7723	17 
7724	39 
7725	60 
7726	38 
7727	34 
7728	41 
7729	13 
7730	38 
7731	46 
7732	55 
7733	39 
7734	4 
7735	16 
7736	41 
7737	4 
7738	22 
7739	45 
7740	30 
7741	37 
7742	44 
7743	11 
7744	11 
7745	14 
7746	28 
7747	9 
7748	38 
7749	53 
7750	53 
7751	48 
7752	41 
7753	38 
7754	39 
7755	38 
7756	56 
7757	51 
7758	41 
7759	39 
7760	15 
7761	17 
7762	21 
7763	40 
7764	57 
7765	44 
7766	26 
7767	35 
7768	54 
7769	11 
7770	59 
7771	40 
7772	49 
7773	27 
7774	4 
7775	1 
7776	28 
7777	39 
7778	11 
7779	8 
7780	55 
7781	40 
7782	23 
7783	36 
7784	4 
7785	3 
7786	8 
7787	54 
7788	31 
7789	41 
7790	38 
7791	19 
7792	53 
7793	39 
7794	27 
7795	39 
7796	11 
7797	55 
7798	56 
7799	37 
7800	2 
7801	7 
7802	47 
7803	48 
7804	44 
7805	39 
7806	27 
7807	39 
7808	26 
7809	45 
7810	4 
7811	39 
7812	7 
7813	11 
7814	38 
7815	14 
7816	37 
7817	26 
7818	47 
7819	41 
7820	57 
7821	47 
7822	59 
7823	37 
7824	7 
7825	54 
7826	40 
7827	19 
7828	6 
7829	53 
7830	55 
7831	5 
7832	38 
7833	25 
7834	55 
7835	39 
7836	43 
7837	19 
7838	54 
7839	11 
7840	55 
7841	47 
7842	15 
7843	30 
7844	13 
7845	39 
7846	49 
7847	38 
7848	1 
7849	10 
7850	23 
7851	39 
7852	16 
7853	7 
7854	8 
7855	31 
7856	55 
7857	28 
7858	6 
7859	53 
7860	7 
7861	56 
7862	26 
7863	41 
7864	22 
7865	18 
7866	30 
7867	7 
7868	4 
7869	5 
7870	47 
7871	15 
7872	55 
7873	60 
7874	42 
7875	59 
7876	48 
7877	38 
7878	37 
7879	49 
7880	49 
7881	39 
7882	57 
7883	26 
7884	2 
7885	41 
7886	54 
7887	53 
7888	19 
7889	56 
7890	51 
7891	27 
7892	11 
7893	41 
7894	36 
7895	53 
7896	47 
7897	26 
7898	58 
7899	54 
7900	38 
7901	15 
7902	49 
7903	45 
7904	55 
7905	22 
7906	8 
7907	53 
7908	11 
7909	39 
7910	30 
7911	49 
7912	49 
7913	47 
7914	27 
7915	24 
7916	4 
7917	5 
7918	47 
7919	41 
7920	48 
7921	26 
7922	49 
7923	55 
7924	28 
7925	4 
7926	49 
7927	19 
7928	13 
7929	15 
7930	40 
7931	39 
7932	29 
7933	48 
7934	55 
7935	40 
7936	39 
7937	49 
7938	14 
7939	40 
7940	10 
7941	30 
7942	18 
7943	36 
7944	56 
7945	2 
7946	58 
7947	40 
7948	19 
7949	9 
7950	11 
7951	53 
7952	30 
7953	19 
7954	11 
7955	47 
7956	40 
7957	22 
7958	19 
7959	13 
7960	25 
7961	9 
7962	19 
7963	26 
7964	58 
7965	36 
7966	60 
7967	12 
7968	32 
7969	14 
7970	40 
7971	48 
7972	15 
7973	22 
7974	3 
7975	49 
7976	15 
7977	58 
7978	32 
7979	30 
7980	47 
7981	25 
7982	16 
7983	49 
7984	24 
7985	53 
7986	28 
7987	47 
7988	38 
7989	26 
7990	28 
7991	18 
7992	6 
7993	4 
7994	30 
7995	23 
7996	22 
7997	53 
7998	50 
7999	42 
8000	41 
8001	13 
8002	18 
8003	41 
8004	38 
8005	58 
8006	15 
8007	54 
8008	1 
8009	47 
8010	1 
8011	26 
8012	54 
8013	19 
8014	40 
8015	49 
8016	59 
8017	54 
8018	6 
8019	54 
8020	13 
8021	27 
8022	14 
8023	34 
8024	5 
8025	26 
8026	55 
8027	40 
8028	25 
8029	18 
8030	35 
8031	1 
8032	49 
8033	11 
8034	38 
8035	54 
8036	48 
8037	40 
8038	15 
8039	56 
8040	30 
8041	38 
8042	40 
8043	56 
8044	9 
8045	18 
8046	49 
8047	47 
8048	28 
8049	19 
8050	45 
8051	38 
8052	25 
8053	22 
8054	46 
8055	47 
8056	24 
8057	57 
8058	18 
8059	25 
8060	49 
8061	15 
8062	4 
8063	39 
8064	11 
8065	26 
8066	42 
8067	44 
8068	47 
8069	10 
8070	49 
8071	49 
8072	12 
8073	22 
8074	26 
8075	41 
8076	51 
8077	53 
8078	22 
8079	40 
8080	26 
8081	41 
8082	19 
8083	23 
8084	38 
8085	32 
8086	49 
8087	53 
8088	16 
8089	58 
8090	39 
8091	56 
8092	58 
8093	19 
8094	55 
8095	11 
8096	48 
8097	30 
8098	31 
8099	30 
8100	37 
8101	41 
8102	30 
8103	26 
8104	49 
8105	19 
8106	4 
8107	6 
8108	42 
8109	46 
8110	39 
8111	56 
8112	40 
8113	38 
8114	50 
8115	22 
8116	55 
8117	24 
8118	54 
8119	19 
8120	36 
8121	41 
8122	40 
8123	27 
8124	6 
8125	41 
8126	3 
8127	4 
8128	17 
8129	31 
8130	1 
8131	55 
8132	42 
8133	38 
8134	52 
8135	48 
8136	22 
8137	60 
8138	40 
8139	16 
8140	16 
8141	32 
8142	38 
8143	41 
8144	41 
8145	19 
8146	2 
8147	56 
8148	2 
8149	5 
8150	19 
8151	19 
8152	54 
8153	9 
8154	6 
8155	51 
8156	7 
8157	46 
8158	26 
8159	22 
8160	38 
8161	54 
8162	49 
8163	25 
8164	45 
8165	27 
8166	56 
8167	55 
8168	55 
8169	25 
8170	30 
8171	60 
8172	3 
8173	55 
8174	11 
8175	2 
8176	25 
8177	11 
8178	51 
8179	8 
8180	25 
8181	53 
8182	38 
8183	26 
8184	47 
8185	55 
8186	22 
8187	50 
8188	16 
8189	6 
8190	40 
8191	9 
8192	14 
8193	47 
8194	56 
8195	21 
8196	55 
8197	48 
8198	15 
8199	40 
8200	41 
8201	28 
8202	21 
8203	6 
8204	26 
8205	47 
8206	11 
8207	35 
8208	4 
8209	9 
8210	1 
8211	58 
8212	1 
8213	15 
8214	49 
8215	53 
8216	40 
8217	11 
8218	14 
8219	38 
8220	20 
8221	51 
8222	48 
8223	57 
8224	26 
8225	47 
8226	6 
8227	49 
8228	56 
8229	49 
8230	49 
8231	59 
8232	27 
8233	15 
8234	5 
8235	55 
8236	9 
8237	26 
8238	6 
8239	20 
8240	38 
8241	11 
8242	11 
8243	54 
8244	19 
8245	5 
8246	28 
8247	33 
8248	40 
8249	6 
8250	51 
8251	11 
8252	15 
8253	12 
8254	49 
8255	4 
8256	9 
8257	56 
8258	55 
8259	25 
8260	28 
8261	58 
8262	40 
8263	13 
8264	39 
8265	15 
8266	16 
8267	38 
8268	5 
8269	25 
8270	12 
8271	41 
8272	55 
8273	15 
8274	38 
8275	49 
8276	39 
8277	5 
8278	19 
8279	41 
8280	22 
8281	41 
8282	16 
8283	3 
8284	42 
8285	56 
8286	15 
8287	36 
8288	26 
8289	38 
8290	6 
8291	26 
8292	57 
8293	40 
8294	34 
8295	11 
8296	49 
8297	56 
8298	41 
8299	39 
8300	19 
8301	51 
8302	33 
8303	12 
8304	60 
8305	54 
8306	55 
8307	1 
8308	54 
8309	24 
8310	39 
8311	20 
8312	4 
8313	55 
8314	11 
8315	28 
8316	39 
8317	1 
8318	14 
8319	55 
8320	37 
8321	60 
8322	42 
8323	11 
8324	11 
8325	26 
8326	26 
8327	17 
8328	55 
8329	18 
8330	40 
8331	41 
8332	6 
8333	41 
8334	3 
8335	46 
8336	30 
8337	53 
8338	56 
8339	4 
8340	24 
8341	15 
8342	40 
8343	21 
8344	60 
8345	49 
8346	39 
8347	53 
8348	16 
8349	4 
8350	8 
8351	9 
8352	55 
8353	36 
8354	45 
8355	13 
8356	41 
8357	53 
8358	36 
8359	29 
8360	9 
8361	5 
8362	4 
8363	15 
8364	11 
8365	20 
8366	46 
8367	4 
8368	9 
8369	39 
8370	40 
8371	47 
8372	54 
8373	49 
8374	13 
8375	49 
8376	9 
8377	18 
8378	11 
8379	11 
8380	53 
8381	58 
8382	42 
8383	37 
8384	39 
8385	47 
8386	4 
8387	6 
8388	39 
8389	26 
8390	7 
8391	55 
8392	22 
8393	45 
8394	14 
8395	39 
8396	26 
8397	21 
8398	41 
8399	43 
8400	4 
8401	45 
8402	39 
8403	39 
8404	51 
8405	23 
8406	15 
8407	21 
8408	36 
8409	34 
8410	47 
8411	18 
8412	4 
8413	21 
8414	22 
8415	41 
8416	6 
8417	3 
8418	55 
8419	40 
8420	55 
8421	5 
8422	34 
8423	20 
8424	47 
8425	22 
8426	49 
8427	32 
8428	55 
8429	11 
8430	30 
8431	48 
8432	26 
8433	3 
8434	57 
8435	4 
8436	23 
8437	16 
8438	4 
8439	37 
8440	55 
8441	56 
8442	41 
8443	40 
8444	23 
8445	40 
8446	6 
8447	47 
8448	26 
8449	54 
8450	19 
8451	50 
8452	48 
8453	11 
8454	59 
8455	39 
8456	53 
8457	32 
8458	40 
8459	54 
8460	31 
8461	4 
8462	22 
8463	59 
8464	53 
8465	25 
8466	14 
8467	26 
8468	56 
8469	32 
8470	47 
8471	9 
8472	11 
8473	39 
8474	52 
8475	3 
8476	1 
8477	37 
8478	24 
8479	39 
8480	11 
8481	28 
8482	40 
8483	27 
8484	15 
8485	3 
8486	40 
8487	4 
8488	26 
8489	26 
8490	4 
8491	58 
8492	6 
8493	6 
8494	35 
8495	54 
8496	39 
8497	19 
8498	16 
8499	22 
8500	38 
8501	39 
8502	57 
8503	33 
8504	54 
8505	24 
8506	38 
8507	49 
8508	40 
8509	38 
8510	58 
8511	54 
8512	53 
8513	56 
8514	51 
8515	55 
8516	40 
8517	58 
8518	31 
8519	45 
8520	55 
8521	29 
8522	38 
8523	38 
8524	11 
8525	28 
8526	15 
8527	39 
8528	40 
8529	40 
8530	32 
8531	40 
8532	24 
8533	55 
8534	48 
8535	22 
8536	16 
8537	56 
8538	60 
8539	53 
8540	40 
8541	56 
8542	39 
8543	58 
8544	20 
8545	29 
8546	28 
8547	56 
8548	37 
8549	30 
8550	6 
8551	11 
8552	49 
8553	55 
8554	56 
8555	47 
8556	58 
8557	42 
8558	38 
8559	38 
8560	56 
8561	25 
8562	22 
8563	49 
8564	39 
8565	26 
8566	18 
8567	56 
8568	18 
8569	23 
8570	18 
8571	18 
8572	27 
8573	59 
8574	58 
8575	26 
8576	15 
8577	39 
8578	14 
8579	31 
8580	25 
8581	15 
8582	4 
8583	38 
8584	38 
8585	6 
8586	19 
8587	49 
8588	49 
8589	26 
8590	53 
8591	28 
8592	15 
8593	55 
8594	25 
8595	39 
8596	59 
8597	30 
8598	57 
8599	10 
8600	55 
8601	28 
8602	37 
8603	10 
8604	4 
8605	47 
8606	54 
8607	38 
8608	42 
8609	23 
8610	49 
8611	49 
8612	10 
8613	40 
8614	55 
8615	22 
8616	44 
8617	9 
8618	16 
8619	4 
8620	51 
8621	47 
8622	39 
8623	11 
8624	18 
8625	47 
8626	25 
8627	55 
8628	40 
8629	4 
8630	22 
8631	39 
8632	53 
8633	9 
8634	19 
8635	19 
8636	42 
8637	19 
8638	18 
8639	29 
8640	55 
8641	26 
8642	15 
8643	53 
8644	13 
8645	11 
8646	2 
8647	50 
8648	43 
8649	23 
8650	34 
8651	7 
8652	11 
8653	22 
8654	55 
8655	6 
8656	12 
8657	34 
8658	42 
8659	22 
8660	20 
8661	55 
8662	40 
8663	39 
8664	12 
8665	40 
8666	30 
8667	55 
8668	4 
8669	39 
8670	14 
8671	35 
8672	23 
8673	6 
8674	39 
8675	14 
8676	15 
8677	40 
8678	34 
8679	55 
8680	56 
8681	15 
8682	25 
8683	22 
8684	13 
8685	55 
8686	35 
8687	23 
8688	57 
8689	38 
8690	41 
8691	58 
8692	47 
8693	19 
8694	55 
8695	1 
8696	1 
8697	10 
8698	39 
8699	55 
8700	12 
8701	11 
8702	40 
8703	49 
8704	16 
8705	7 
8706	27 
8707	3 
8708	8 
8709	19 
8710	37 
8711	1 
8712	57 
8713	49 
8714	47 
8715	19 
8716	50 
8717	14 
8718	9 
8719	22 
8720	30 
8721	38 
8722	29 
8723	43 
8724	39 
8725	6 
8726	55 
8727	6 
8728	48 
8729	26 
8730	4 
8731	6 
8732	4 
8733	2 
8734	11 
8735	5 
8736	32 
8737	40 
8738	56 
8739	11 
8740	50 
8741	34 
8742	24 
8743	6 
8744	40 
8745	36 
8746	39 
8747	10 
8748	55 
8749	38 
8750	6 
8751	53 
8752	11 
8753	19 
8754	41 
8755	4 
8756	15 
8757	26 
8758	38 
8759	51 
8760	28 
8761	38 
8762	49 
8763	42 
8764	14 
8765	6 
8766	46 
8767	55 
8768	56 
8769	54 
8770	26 
8771	47 
8772	57 
8773	49 
8774	6 
8775	40 
8776	54 
8777	25 
8778	50 
8779	41 
8780	14 
8781	30 
8782	37 
8783	22 
8784	15 
8785	39 
8786	47 
8787	29 
8788	51 
8789	7 
8790	47 
8791	45 
8792	1 
8793	53 
8794	57 
8795	40 
8796	20 
8797	22 
8798	28 
8799	41 
8800	40 
8801	9 
8802	54 
8803	15 
8804	60 
8805	8 
8806	19 
8807	57 
8808	15 
8809	11 
8810	42 
8811	56 
8812	28 
8813	52 
8814	54 
8815	44 
8816	42 
8817	22 
8818	5 
8819	14 
8820	15 
8821	3 
8822	41 
8823	26 
8824	6 
8825	1 
8826	58 
8827	40 
8828	15 
8829	24 
8830	39 
8831	44 
8832	41 
8833	53 
8834	25 
8835	3 
8836	11 
8837	39 
8838	39 
8839	6 
8840	39 
8841	48 
8842	39 
8843	39 
8844	44 
8845	18 
8846	19 
8847	53 
8848	4 
8849	19 
8850	40 
8851	55 
8852	52 
8853	34 
8854	40 
8855	30 
8856	53 
8857	26 
8858	31 
8859	59 
8860	14 
8861	55 
8862	59 
8863	22 
8864	18 
8865	19 
8866	5 
8867	26 
8868	12 
8869	19 
8870	38 
8871	26 
8872	47 
8873	51 
8874	41 
8875	50 
8876	49 
8877	56 
8878	15 
8879	11 
8880	40 
8881	12 
8882	12 
8883	18 
8884	40 
8885	30 
8886	41 
8887	44 
8888	1 
8889	15 
8890	25 
8891	19 
8892	15 
8893	9 
8894	45 
8895	46 
8896	39 
8897	40 
8898	49 
8899	6 
8900	53 
8901	53 
8902	40 
8903	48 
8904	40 
8905	9 
8906	48 
8907	38 
8908	53 
8909	35 
8910	28 
8911	11 
8912	49 
8913	51 
8914	55 
8915	5 
8916	29 
8917	38 
8918	44 
8919	4 
8920	40 
8921	3 
8922	19 
8923	48 
8924	55 
8925	45 
8926	26 
8927	12 
8928	55 
8929	8 
8930	11 
8931	49 
8932	39 
8933	56 
8934	11 
8935	19 
8936	40 
8937	6 
8938	26 
8939	4 
8940	58 
8941	57 
8942	15 
8943	23 
8944	19 
8945	10 
8946	29 
8947	11 
8948	13 
8949	53 
8950	10 
8951	29 
8952	60 
8953	37 
8954	53 
8955	53 
8956	34 
8957	56 
8958	49 
8959	38 
8960	55 
8961	30 
8962	19 
8963	2 
8964	28 
8965	4 
8966	9 
8967	52 
8968	52 
8969	4 
8970	11 
8971	55 
8972	51 
8973	55 
8974	46 
8975	14 
8976	60 
8977	57 
8978	50 
8979	3 
8980	54 
8981	38 
8982	43 
8983	4 
8984	2 
8985	56 
8986	6 
8987	51 
8988	20 
8989	38 
8990	26 
8991	46 
8992	29 
8993	32 
8994	15 
8995	26 
8996	5 
8997	30 
8998	58 
8999	38 
9000	39 
9001	18 
9002	7 
9003	34 
9004	4 
9005	47 
9006	6 
9007	13 
9008	19 
9009	24 
9010	2 
9011	11 
9012	4 
9013	51 
9014	46 
9015	28 
9016	6 
9017	58 
9018	7 
9019	21 
9020	46 
9021	34 
9022	9 
9023	20 
9024	26 
9025	26 
9026	19 
9027	42 
9028	59 
9029	32 
9030	15 
9031	55 
9032	30 
9033	56 
9034	38 
9035	55 
9036	15 
9037	28 
9038	55 
9039	41 
9040	56 
9041	4 
9042	55 
9043	13 
9044	54 
9045	53 
9046	15 
9047	18 
9048	44 
9049	21 
9050	31 
9051	30 
9052	39 
9053	26 
9054	51 
9055	21 
9056	38 
9057	3 
9058	57 
9059	57 
9060	5 
9061	55 
9062	55 
9063	11 
9064	6 
9065	47 
9066	32 
9067	11 
9068	22 
9069	16 
9070	58 
9071	39 
9072	38 
9073	56 
9074	39 
9075	26 
9076	37 
9077	15 
9078	54 
9079	49 
9080	49 
9081	5 
9082	52 
9083	15 
9084	19 
9085	59 
9086	55 
9087	28 
9088	4 
9089	38 
9090	46 
9091	15 
9092	16 
9093	28 
9094	30 
9095	39 
9096	26 
9097	42 
9098	4 
9099	55 
9100	44 
9101	9 
9102	26 
9103	39 
9104	23 
9105	6 
9106	13 
9107	11 
9108	4 
9109	42 
9110	53 
9111	22 
9112	25 
9113	22 
9114	26 
9115	1 
9116	54 
9117	54 
9118	21 
9119	19 
9120	49 
9121	41 
9122	31 
9123	41 
9124	1 
9125	58 
9126	46 
9127	49 
9128	60 
9129	18 
9130	45 
9131	42 
9132	14 
9133	47 
9134	54 
9135	5 
9136	56 
9137	12 
9138	6 
9139	60 
9140	54 
9141	54 
9142	57 
9143	40 
9144	46 
9145	2 
9146	41 
9147	46 
9148	53 
9149	18 
9150	11 
9151	53 
9152	55 
9153	14 
9154	11 
9155	49 
9156	15 
9157	48 
9158	49 
9159	54 
9160	6 
9161	49 
9162	23 
9163	22 
9164	2 
9165	18 
9166	30 
9167	40 
9168	30 
9169	7 
9170	57 
9171	58 
9172	19 
9173	8 
9174	15 
9175	54 
9176	22 
9177	18 
9178	11 
9179	55 
9180	19 
9181	4 
9182	39 
9183	56 
9184	16 
9185	32 
9186	53 
9187	26 
9188	43 
9189	48 
9190	38 
9191	53 
9192	5 
9193	39 
9194	46 
9195	7 
9196	53 
9197	4 
9198	16 
9199	37 
9200	53 
9201	44 
9202	56 
9203	50 
9204	40 
9205	25 
9206	55 
9207	39 
9208	15 
9209	52 
9210	56 
9211	55 
9212	11 
9213	15 
9214	15 
9215	11 
9216	16 
9217	13 
9218	28 
9219	30 
9220	13 
9221	45 
9222	27 
9223	15 
9224	15 
9225	40 
9226	4 
9227	15 
9228	53 
9229	55 
9230	49 
9231	15 
9232	45 
9233	15 
9234	49 
9235	57 
9236	14 
9237	57 
9238	42 
9239	49 
9240	54 
9241	41 
9242	21 
9243	49 
9244	27 
9245	21 
9246	38 
9247	16 
9248	28 
9249	47 
9250	15 
9251	55 
9252	39 
9253	26 
9254	54 
9255	57 
9256	18 
9257	22 
9258	16 
9259	39 
9260	40 
9261	6 
9262	43 
9263	5 
9264	40 
9265	55 
9266	26 
9267	49 
9268	58 
9269	44 
9270	26 
9271	44 
9272	39 
9273	37 
9274	15 
9275	25 
9276	54 
9277	40 
9278	4 
9279	59 
9280	11 
9281	15 
9282	38 
9283	18 
9284	56 
9285	54 
9286	25 
9287	28 
9288	19 
9289	38 
9290	14 
9291	23 
9292	6 
9293	19 
9294	28 
9295	6 
9296	25 
9297	45 
9298	22 
9299	54 
9300	11 
9301	19 
9302	19 
9303	6 
9304	18 
9305	2 
9306	7 
9307	5 
9308	29 
9309	42 
9310	18 
9311	38 
9312	1 
9313	55 
9314	40 
9315	47 
9316	22 
9317	38 
9318	15 
9319	55 
9320	29 
9321	14 
9322	40 
9323	56 
9324	19 
9325	1 
9326	40 
9327	10 
9328	39 
9329	16 
9330	27 
9331	21 
9332	45 
9333	49 
9334	10 
9335	28 
9336	42 
9337	4 
9338	10 
9339	49 
9340	55 
9341	49 
9342	11 
9343	53 
9344	30 
9345	43 
9346	55 
9347	38 
9348	4 
9349	56 
9350	11 
9351	54 
9352	18 
9353	58 
9354	55 
9355	26 
9356	40 
9357	26 
9358	46 
9359	59 
9360	49 
9361	14 
9362	53 
9363	41 
9364	12 
9365	6 
9366	37 
9367	4 
9368	49 
9369	40 
9370	23 
9371	44 
9372	55 
9373	26 
9374	47 
9375	49 
9376	38 
9377	2 
9378	55 
9379	26 
9380	39 
9381	7 
9382	15 
9383	11 
9384	48 
9385	53 
9386	2 
9387	38 
9388	40 
9389	6 
9390	18 
9391	4 
9392	18 
9393	30 
9394	22 
9395	55 
9396	47 
9397	39 
9398	40 
9399	30 
9400	4 
9401	10 
9402	57 
9403	26 
9404	41 
9405	49 
9406	11 
9407	4 
9408	11 
9409	39 
9410	26 
9411	54 
9412	40 
9413	54 
9414	3 
9415	11 
9416	26 
9417	58 
9418	42 
9419	9 
9420	28 
9421	40 
9422	34 
9423	15 
9424	43 
9425	6 
9426	39 
9427	56 
9428	4 
9429	34 
9430	15 
9431	56 
9432	45 
9433	40 
9434	30 
9435	14 
9436	23 
9437	15 
9438	25 
9439	46 
9440	15 
9441	41 
9442	39 
9443	38 
9444	53 
9445	53 
9446	34 
9447	15 
9448	8 
9449	55 
9450	49 
9451	53 
9452	15 
9453	58 
9454	39 
9455	57 
9456	49 
9457	49 
9458	49 
9459	38 
9460	53 
9461	13 
9462	42 
9463	26 
9464	29 
9465	40 
9466	49 
9467	39 
9468	25 
9469	26 
9470	51 
9471	9 
9472	19 
9473	47 
9474	56 
9475	54 
9476	4 
9477	49 
9478	23 
9479	51 
9480	21 
9481	49 
9482	26 
9483	14 
9484	25 
9485	25 
9486	11 
9487	37 
9488	6 
9489	3 
9490	4 
9491	15 
9492	26 
9493	28 
9494	47 
9495	46 
9496	51 
9497	36 
9498	58 
9499	54 
9500	39 
9501	40 
9502	5 
9503	9 
9504	23 
9505	11 
9506	16 
9507	11 
9508	15 
9509	4 
9510	40 
9511	11 
9512	55 
9513	59 
9514	55 
9515	19 
9516	38 
9517	55 
9518	55 
9519	49 
9520	6 
9521	28 
9522	36 
9523	47 
9524	43 
9525	4 
9526	38 
9527	58 
9528	55 
9529	26 
9530	41 
9531	4 
9532	11 
9533	19 
9534	49 
9535	19 
9536	49 
9537	4 
9538	21 
9539	6 
9540	1 
9541	54 
9542	56 
9543	44 
9544	30 
9545	19 
9546	18 
9547	48 
9548	1 
9549	41 
9550	3 
9551	30 
9552	27 
9553	26 
9554	21 
9555	22 
9556	37 
9557	41 
9558	15 
9559	41 
9560	59 
9561	7 
9562	57 
9563	47 
9564	54 
9565	49 
9566	26 
9567	18 
9568	47 
9569	40 
9570	6 
9571	59 
9572	43 
9573	6 
9574	53 
9575	55 
9576	11 
9577	41 
9578	26 
9579	27 
9580	48 
9581	15 
9582	18 
9583	59 
9584	40 
9585	49 
9586	26 
9587	39 
9588	55 
9589	19 
9590	54 
9591	39 
9592	49 
9593	2 
9594	28 
9595	54 
9596	19 
9597	53 
9598	53 
9599	53 
9600	39 
9601	49 
9602	39 
9603	22 
9604	54 
9605	14 
9606	38 
9607	18 
9608	30 
9609	40 
9610	6 
9611	42 
9612	53 
9613	44 
9614	47 
9615	42 
9616	6 
9617	26 
9618	21 
9619	56 
9620	21 
9621	19 
9622	18 
9623	40 
9624	15 
9625	19 
9626	37 
9627	30 
9628	4 
9629	7 
9630	15 
9631	15 
9632	44 
9633	49 
9634	26 
9635	39 
9636	38 
9637	9 
9638	19 
9639	47 
9640	45 
9641	53 
9642	16 
9643	18 
9644	39 
9645	56 
9646	1 
9647	19 
9648	37 
9649	25 
9650	21 
9651	7 
9652	37 
9653	25 
9654	22 
9655	15 
9656	19 
9657	41 
9658	46 
9659	19 
9660	38 
9661	41 
9662	45 
9663	47 
9664	58 
9665	19 
9666	19 
9667	15 
9668	15 
9669	38 
9670	45 
9671	15 
9672	14 
9673	46 
9674	39 
9675	25 
9676	2 
9677	54 
9678	19 
9679	45 
9680	51 
9681	9 
9682	11 
9683	46 
9684	7 
9685	18 
9686	34 
9687	16 
9688	51 
9689	28 
9690	15 
9691	40 
9692	22 
9693	6 
9694	55 
9695	55 
9696	49 
9697	39 
9698	58 
9699	48 
9700	7 
9701	7 
9702	51 
9703	18 
9704	42 
9705	14 
9706	15 
9707	41 
9708	49 
9709	44 
9710	19 
9711	11 
9712	37 
9713	38 
9714	54 
9715	49 
9716	55 
9717	19 
9718	39 
9719	41 
9720	55 
9721	14 
9722	47 
9723	2 
9724	28 
9725	41 
9726	49 
9727	1 
9728	19 
9729	40 
9730	45 
9731	11 
9732	2 
9733	5 
9734	1 
9735	4 
9736	40 
9737	30 
9738	5 
9739	39 
9740	6 
9741	14 
9742	40 
9743	4 
9744	55 
9745	45 
9746	38 
9747	13 
9748	14 
9749	39 
9750	4 
9751	9 
9752	19 
9753	55 
9754	6 
9755	4 
9756	18 
9757	41 
9758	22 
9759	40 
9760	40 
9761	49 
9762	53 
9763	54 
9764	16 
9765	14 
9766	4 
9767	11 
9768	7 
9769	51 
9770	38 
9771	40 
9772	4 
9773	19 
9774	30 
9775	18 
9776	53 
9777	15 
9778	53 
9779	49 
9780	40 
9781	28 
9782	9 
9783	54 
9784	45 
9785	15 
9786	49 
9787	15 
9788	30 
9789	44 
9790	39 
9791	44 
9792	28 
9793	26 
9794	55 
9795	38 
9796	40 
9797	26 
9798	19 
9799	11 
9800	49 
9801	49 
9802	19 
9803	54 
9804	4 
9805	26 
9806	49 
9807	25 
9808	42 
9809	59 
9810	54 
9811	44 
9812	56 
9813	11 
9814	40 
9815	55 
9816	38 
9817	38 
9818	48 
9819	19 
9820	39 
9821	26 
9822	49 
9823	11 
9824	19 
9825	6 
9826	38 
9827	6 
9828	18 
9829	44 
9830	4 
9831	11 
9832	4 
9833	15 
9834	18 
9835	38 
9836	4 
9837	39 
9838	49 
9839	5 
9840	6 
9841	58 
9842	54 
9843	38 
9844	41 
9845	30 
9846	19 
9847	4 
9848	40 
9849	41 
9850	53 
9851	4 
9852	26 
9853	49 
9854	26 
9855	40 
9856	30 
9857	22 
9858	49 
9859	39 
9860	22 
9861	38 
9862	47 
9863	6 
9864	56 
9865	54 
9866	58 
9867	58 
9868	18 
9869	44 
9870	19 
9871	39 
9872	38 
9873	51 
9874	9 
9875	54 
9876	54 
9877	49 
9878	54 
9879	39 
9880	26 
9881	39 
9882	6 
9883	28 
9884	28 
9885	49 
9886	41 
9887	22 
9888	11 
9889	59 
9890	4 
9891	9 
9892	40 
9893	19 
9894	55 
9895	55 
9896	41 
9897	53 
9898	28 
9899	49 
9900	19 
9901	9 
9902	40 
9903	19 
9904	56 
9905	53 
9906	39 
9907	11 
9908	26 
9909	9 
9910	55 
9911	15 
9912	39 
9913	40 
9914	55 
9915	15 
9916	54 
9917	41 
9918	26 
9919	6 
9920	28 
9921	15 
9922	25 
9923	19 
9924	9 
9925	28 
9926	26 
9927	38 
9928	11 
9929	49 
9930	28 
9931	41 
9932	6 
9933	54 
9934	6 
9935	40 
9936	47 
9937	40 
9938	55 
9939	41 
9940	39 
9941	4 
9942	39 
9943	6 
9944	39 
9945	6 
9946	55 
9947	39 
9948	40 
9949	26 
9950	41 
9951	15 
9952	9 
9953	4 
9954	9 
9955	26 
9956	9 
9957	15 
9958	19 
9959	15 
9960	22 
9961	26 
9962	15 
9963	54 
9964	11 
9965	38 
9966	11 
9967	40 
9968	41 
9969	19 
9970	6 
9971	11 
9972	11 
9973	56 
9974	54 
9975	38 
9976	4 
9977	49 
9978	54 
9979	53 
9980	11 
9981	55 
9982	38 
9983	19 
9984	26 
9985	40 
9986	38 
9987	19 
9988	39 
9989	19 
9990	11 
9991	4 
9992	40 
9993	41 
9994	4 
9995	53 
9996	26 
9997	19 
9998	38 
9999	56 
10000	15 
