1	196	0.621992
1	211	0.67465
1	406	3.3671
1	422	3.3288
2	76	2.8045
2	361	0.999459
2	431	2.99595
2	474	1.19362
3	40	1.06075
3	270	1.83143
3	306	2.19321
3	325	2.93653
4	71	1.4724
4	461	1.29521
4	466	2.52595
4	478	2.7048
5	256	0.00410004
5	451	1.6223
5	491	2.37785
5	501	3.99591
6	267	2.20009
6	384	1.06703
6	408	1.7998
6	420	2.93102
7	325	0.00330481
7	428	0.920436
7	483	4.00463
7	497	3.08137
8	460	1.41426
8	479	1.80083
8	481	2.58452
8	491	2.20463
9	141	0.444413
9	272	3.56293
9	471	0.0275666
9	511	3.97253
10	374	2.93484
10	383	1.06527
10	418	0.836068
10	498	3.16406
11	201	3.49481
11	365	1.96418
11	381	0.515024
11	388	2.03297
12	255	1.19813
12	416	0.862489
12	445	2.80162
12	486	3.14011
13	394	2.02008
13	442	1.97992
13	489	1.3696
13	496	2.62894
14	347	0.533654
14	458	3.46419
14	477	1.56122
14	493	2.43878
15	203	2.10307
15	426	2.48303
15	436	1.51657
15	505	1.90897
16	107	0.23292
16	158	0.000361269
16	420	3.76696
16	423	4.00772
17	379	1.67817
17	433	2.31869
17	506	1.26904
17	508	2.73323
18	268	2.03497
18	396	1.95794
18	428	0.9586
18	501	3.04141
19	165	2.05509
19	286	1.96167
19	466	1.42061e-05
19	506	4.01054
20	270	1.3448
20	376	2.69818
20	439	0.823493
20	454	3.17553
21	111	2.74546
21	465	1.26857
21	480	1.65694
21	485	2.34306
22	338	1.46772
22	415	0.959583
22	443	3.04017
22	466	2.52927
23	103	2.65314
23	130	1.05096
23	275	1.31739
23	376	3.00111
24	152	1.93098
24	185	2.07209
24	479	1.80083
24	491	2.20463
25	456	0.000267042
25	476	0.791401
25	502	3.2107
25	505	4.00257
26	137	2.67329
26	153	0.111272
26	273	1.32824
26	509	3.88887
27	65	1.40639
27	335	1.61026
27	456	2.38987
27	509	2.60616
28	63	0.00981593
28	180	1.81554
28	429	2.19002
28	491	3.99288
29	361	0.198274
29	487	3.80407
29	499	1.18436
29	510	2.81565
30	131	2.70078
30	166	0.00268938
30	176	1.3122
30	439	4.04742
31	323	0.684821
31	483	3.31675
31	499	1.15271
31	505	2.84765
32	165	1.90867
32	473	2.12029
32	475	0.781539
32	502	3.2234
33	253	1.83469
33	402	2.16473
33	453	0.934918
33	477	3.06573
34	336	2.30832
34	341	1.68995
34	509	2.03679
34	510	1.96324
35	418	1.04867
35	453	0.666193
35	487	2.95249
35	508	3.3338
36	69	2.22344
36	198	2.56343
36	398	1.43771
36	403	1.77773
37	78	1.94463
37	341	2.04969
37	411	2.32432
37	443	1.67366
38	425	0.823141
38	474	0.550517
38	507	3.17816
38	510	3.44952
39	51	2.17754
39	452	1.58964
39	478	2.41035
39	488	1.82207
40	3	1.06075
40	494	1.99724
40	496	2.0028
40	508	2.94159
41	83	1.67157
41	216	2.29942
41	423	2.13682
41	430	1.86931
42	249	0.78289
42	486	3.22144
42	506	1.5966
42	512	2.417
43	179	1.38888
43	411	2.61691
43	499	1.60608
43	504	2.39391
44	305	0.919557
44	376	3.08214
44	396	0.458896
44	501	3.54066
45	307	1.49798
45	410	0.979952
45	441	2.50303
45	466	3.01601
46	153	0.00246757
46	388	0.000174064
46	418	3.99628
46	505	4.00638
47	304	1.32653
47	419	0.0946615
47	445	2.67379
47	500	3.90363
48	318	2.32325
48	363	1.67731
48	500	1.15203
48	511	2.84818
49	130	1.73133
49	270	2.3281
49	303	1.12584
49	497	2.87424
50	173	1.48633
50	391	1.30391
50	415	2.70437
50	438	2.51339
51	39	2.17754
51	296	1.82179
51	497	1.062
51	509	2.93801
52	224	1.8138
52	414	2.18622
52	417	0.611093
52	486	3.39007
53	146	0.103494
53	434	1.46391
53	462	2.53604
53	500	3.89475
54	199	0.00275852
54	207	2.59229
54	405	1.42693
54	481	4.04297
55	63	1.14455
55	344	2.84449
55	494	1.99724
55	496	2.0028
56	217	2.0122
56	468	1.98734
56	490	1.14149
56	502	2.86057
57	242	0.299728
57	252	3.69682
57	349	1.61872
57	445	2.38197
58	291	1.00493
58	363	2.99498
58	402	2.28714
58	432	1.71074
59	458	2.08149
59	463	1.91814
59	506	1.5966
59	512	2.417
60	65	2.59361
60	398	2.25607
60	409	1.74383
60	507	1.41621
61	284	2.46488
61	403	1.53464
61	454	1.41356
61	455	2.58855
62	337	0.154742
62	469	0.00203703
62	506	4.00924
62	509	3.85392
63	28	0.00981593
63	55	1.14455
63	464	2.85696
63	503	3.99117
64	346	1.30239
64	379	2.69285
64	472	1.04939
64	486	2.95225
65	27	1.40639
65	60	2.59361
65	467	0.270344
65	495	3.72961
66	298	0.630446
66	433	1.2481
66	494	3.36973
66	498	2.75073
67	147	1.30975
67	323	2.68338
67	420	0.374
67	500	3.62478
68	128	1.02982
68	371	2.96548
68	506	1.5966
68	512	2.417
69	36	2.22344
69	285	1.77602
69	415	0.981339
69	509	3.02714
70	171	0.748506
70	317	0.00453711
70	376	3.28037
70	508	4.00934
71	4	1.4724
71	294	0.849505
71	417	3.15058
71	447	2.52716
72	445	1.18979
72	506	1.5966
72	508	2.8133
72	512	2.417
73	414	0.740691
73	458	1.49644
73	473	2.51117
73	479	3.25894
74	476	0.791401
74	492	0.471259
74	502	3.2107
74	511	3.53011
75	228	3.46202
75	403	0.538487
75	474	0.513746
75	509	3.48629
76	2	2.8045
76	118	1.19395
76	383	1.10304
76	408	2.89694
77	244	1.91608
77	437	2.08559
77	495	1.70605
77	504	2.29391
78	37	1.94463
78	458	2.05663
78	490	0.794643
78	511	3.20703
79	416	0.8635
79	480	3.13822
79	500	1.15203
79	511	2.84818
80	330	1.72254
80	423	2.13682
80	430	1.86931
80	451	2.2758
81	113	2.14966
81	295	1.85994
81	470	1.59057
81	488	2.40949
82	244	0.113402
82	436	0.255165
82	488	3.88664
82	498	3.74518
83	41	1.67157
83	184	1.66913
83	488	2.33118
83	502	2.33359
84	291	2.15336
84	302	1.84402
84	441	1.71397
84	464	2.28669
85	477	1.77135
85	491	2.02421
85	500	2.2292
85	503	1.97914
86	417	0.638574
86	461	1.11278
86	485	2.88728
86	493	3.3609
87	134	1.73541
87	392	1.00647
87	397	2.26358
87	489	2.99302
88	156	0.0427901
88	299	2.48305
88	434	1.51667
88	502	3.96212
89	150	0.000543456
89	250	0.183284
89	483	3.81952
89	505	4.00218
90	105	1.40175
90	137	0.843672
90	216	2.58032
90	464	3.15893
91	418	1.23945
91	440	0.109079
91	463	2.76175
91	496	3.88928
92	300	0.129884
92	356	0.588706
92	472	3.8701
92	490	3.41133
93	221	2.48099
93	262	1.7821
93	352	2.20984
93	355	1.51636
94	185	2.69525
94	334	1.30861
94	375	0.335213
94	477	3.66484
95	406	1.50392
95	474	0.787915
95	481	2.54443
95	503	3.21027
96	324	0.253087
96	411	0.0332373
96	424	3.74633
96	511	3.96692
97	236	2.68488
97	323	1.31464
97	470	1.3671
97	477	2.63449
98	303	1.50447
98	322	2.13631
98	336	1.85565
98	451	2.4938
99	326	1.91571
99	398	2.08433
99	438	1.19963
99	477	2.80178
100	256	0.732478
100	379	0.000410871
100	502	4.00203
100	504	3.27178
101	257	1.23038
101	288	0.437417
101	385	2.7666
101	510	3.56261
102	179	1.3958
102	390	2.60925
102	408	0.663626
102	488	3.33642
103	23	2.65314
103	140	1.35954
103	212	1.26165
103	387	2.73723
104	418	0.0013205
104	421	1.08132
104	484	2.91833
104	502	4.00326
105	90	1.40175
105	121	0.520217
105	321	3.47893
105	483	2.60188
106	430	0.00123057
106	431	1.49064
106	458	2.51074
106	508	4.00585
107	16	0.23292
107	444	0.190214
107	508	3.80978
107	511	3.76801
108	125	1.24416
108	130	2.80789
108	401	1.8278
108	479	2.1739
109	381	1.40053
109	407	1.10288
109	460	2.59923
109	469	2.89356
110	218	1.27507
110	268	2.7157
110	311	0.754305
110	498	3.24493
111	21	2.74546
111	176	1.24912
111	463	1.59723
111	498	2.40293
112	140	0.663569
112	455	0.010601
112	487	3.99137
112	495	3.35093
113	81	2.14966
113	402	1.84826
113	438	0.0855937
113	494	3.91437
114	368	1.60769
114	398	0.274141
114	465	2.39402
114	492	3.72664
115	156	0.0376254
115	392	1.97392
115	421	2.02698
115	502	3.96728
116	255	0.00236906
116	465	4.0048
116	479	1.80083
116	491	2.20463
117	487	0.285776
117	502	1.63082
117	509	2.37791
117	512	3.72423
118	76	1.19395
118	406	1.50392
118	481	2.54443
118	495	2.80786
119	182	0.0635573
119	282	0.143843
119	508	3.85616
119	512	3.93804
120	239	1.59292
120	342	0.000362548
120	380	2.40743
120	505	4.007
121	105	0.520217
121	279	2.41797
121	402	3.17186
121	472	0.913619
121	512	4.15699
122	174	1.13906
122	391	0.55742
122	416	4.45559
122	447	2.17391
122	468	2.86279
123	442	2.23797
123	470	1.17417
123	482	1.07659
123	494	3.35301
123	508	3.33942
124	208	0.519074
124	433	0.0617835
124	499	2.20593
124	500	3.38434
124	502	5.01075
125	108	1.24416
125	305	1.57919
125	306	2.75018
125	426	2.27685
125	485	3.31448
126	205	1.5402
126	414	1.14022
126	427	1.46593
126	455	4.05479
126	472	2.98402
127	161	0.898116
127	274	2.49146
127	347	1.79383
127	454	3.79636
127	481	2.20686
128	68	1.02982
128	364	0.0274131
128	443	0.383134
128	508	4.56269
128	511	5.17936
129	379	2.18279
129	390	3.40833
129	487	0.00440535
129	506	2.39269
129	512	3.21308
130	23	1.05096
130	49	1.73133
130	108	2.80789
130	200	1.62766
130	498	3.96504
131	30	2.70078
131	210	1.13293
131	392	0.615702
131	471	2.88762
131	486	3.84167
132	186	2.89933
132	287	1.11726
132	427	1.47742
132	444	2.68234
132	472	2.99552
133	371	0.00473513
133	410	1.28046
133	443	0.394574
133	494	4.30744
133	511	5.1908
134	87	1.73541
134	211	1.13517
134	460	1.43409
134	464	3.85515
134	469	3.02127
135	166	0.42211
135	391	1.64362
135	468	3.94899
135	480	1.41306
135	509	3.75976
136	220	2.79597
136	377	0.478795
136	396	2.79523
136	448	2.08426
136	501	3.02728
137	26	2.67329
137	90	0.843672
137	241	0.646624
137	393	2.07286
137	480	4.94351
138	307	0.0508354
138	420	1.5821
138	447	2.45226
138	468	3.14114
138	493	3.95336
139	291	2.19735
139	304	1.34492
139	338	2.99509
139	409	3.39252
139	468	1.24899
140	103	1.35954
140	112	0.663569
140	203	3.4871
140	375	3.5624
140	484	2.11354
141	9	0.444413
141	144	2.43273
141	406	2.71061
141	447	2.45226
141	468	3.14114
142	252	0.662167
142	323	1.39641
142	435	4.19358
142	445	2.06452
142	510	2.86282
143	164	1.38203
143	449	1.24009
143	465	2.97464
143	487	1.08086
143	512	4.51932
144	141	2.43273
144	262	0.218642
144	441	2.93761
144	498	1.85706
144	502	3.73444
145	210	1.94399
145	344	3.63611
145	374	0.000190053
145	479	2.5982
145	491	3.002
146	53	0.103494
146	406	2.69606
146	439	2.94267
146	482	2.60261
146	495	2.88693
147	67	1.30975
147	325	0.385827
147	480	2.38688
147	483	3.90027
147	501	3.20437
148	201	2.09536
148	437	0.00134389
148	490	1.93658
148	502	3.65565
148	509	3.51392
149	292	0.87354
149	489	0.751612
149	503	2.46187
149	507	2.37925
149	509	4.71948
150	89	0.000543456
150	364	1.35618
150	457	0.941708
150	503	3.29592
150	505	5.59418
151	397	1.27603
151	470	2.67574
151	475	2.9204
151	476	1.64166
151	480	2.66969
152	24	1.93098
152	429	3.66078
152	471	0.00173986
152	500	1.94625
152	511	3.64239
153	26	0.111272
153	46	0.00246757
153	329	0.138438
153	495	5.47887
153	508	5.45381
154	255	2.72262
154	339	2.86498
154	421	0.00311502
154	493	2.56868
154	496	3.01835
155	172	2.04494
155	177	0.0418857
155	269	3.54516
155	343	2.36235
155	422	3.19207
156	88	0.0427901
156	115	0.0376254
156	232	1.32793
156	397	4.26422
156	498	5.5093
157	192	2.63235e-05
157	393	0.290976
157	453	2.38013
157	482	3.21137
157	507	5.29741
158	16	0.000361269
158	322	2.58944
158	398	3.00627
158	423	2.93173
158	430	2.66422
159	282	0.935519
159	450	1.43548
159	477	2.10431
159	501	2.55388
159	505	4.15807
160	245	0.60418
160	331	1.2188
160	363	2.69999
160	417	2.89039
160	506	3.76595
161	127	0.898116
161	162	0.660752
161	272	0.557802
161	399	4.02332
161	435	5.03004
162	161	0.660752
162	352	0.00105884
162	489	1.93953
162	498	4.93071
162	503	3.64979
163	245	0.00103105
163	366	0.903225
163	469	0.00239868
163	503	4.70869
163	512	5.59805
164	143	1.38203
164	248	1.12568
164	388	3.41078
164	400	2.17522
164	474	3.07889
165	19	2.05509
165	32	1.90867
165	302	3.66569
165	346	0.883845
165	459	2.65078
166	30	0.00268938
166	135	0.42211
166	321	3.58311
166	422	1.5996
166	481	5.63896
167	181	3.59548
167	253	1.97663
167	492	1.24049
167	499	1.78092
167	504	2.56875
168	286	0.0045902
168	399	0.384245
168	415	2.72706
168	487	2.87159
168	494	5.20599
169	272	1.18875
169	353	1.28209
169	423	2.93191
169	430	2.6644
169	487	3.12869
170	188	1.83986
170	257	0.662173
170	370	0.970362
170	446	3.75135
170	458	3.95563
171	70	0.748506
171	215	1.09787
171	306	3.73219
171	344	0.941072
171	445	4.64478
172	155	2.04494
172	266	1.25421
172	274	2.28806
172	448	3.63691
172	460	1.95319
173	50	1.48633
173	320	0.00179249
173	423	0.82604
173	494	4.10386
173	500	4.76182
174	122	1.13906
174	265	1.56533
174	487	1.08086
174	505	2.88124
174	512	4.51932
175	344	1.69796
175	367	0.885379
175	375	2.35166
175	444	2.34447
175	459	3.89221
176	30	1.3122
176	111	1.24912
176	450	1.43548
176	501	3.0295
176	505	4.15807
177	155	0.0418857
177	321	2.49151
177	336	0.947841
177	412	3.09968
177	422	4.59797
178	410	0.0684799
178	454	1.11622
178	478	0.84096
178	508	4.47395
178	511	4.67855
179	43	1.38888
179	102	1.3958
179	322	2.93139
179	336	2.65074
179	375	2.80083
180	28	1.81554
180	274	0.0202392
180	434	3.7731
180	451	0.707237
180	500	4.8628
181	167	3.59548
181	279	0.000269293
181	435	1.40422
181	483	4.19147
181	497	2.00692
182	119	0.0635573
182	380	2.3014
182	459	3.22377
182	462	1.65826
182	495	3.93184
183	210	0.444839
183	426	0.714607
183	475	1.99178
183	486	3.15358
183	511	4.87705
184	83	1.66913
184	210	1.45239
184	241	1.40259
184	309	3.92096
184	369	2.71557
185	24	2.07209
185	94	2.69525
185	443	0.819695
185	506	2.39169
185	512	3.21208
186	132	2.89933
186	272	8.70307e-05
186	288	2.70576
186	369	0.00128633
186	483	5.59287
187	473	0.707275
187	494	1.42546
187	495	2.04265
187	502	3.46287
187	509	3.54751
188	170	1.83986
188	236	0.707399
188	258	0.00336574
188	481	5.63156
188	506	3.05401
189	318	0.325421
189	401	2.75911
189	473	2.84547
189	478	1.57309
189	496	3.69145
190	216	0.0157685
190	406	1.45922
190	439	1.70583
190	481	2.49973
190	489	5.56032
191	455	0.769508
191	481	0.671349
191	490	1.93658
191	502	3.65565
191	511	4.15155
192	157	2.63235e-05
192	244	2.27014
192	446	0.994558
192	453	2.33007
192	479	5.59323
193	238	0.418356
193	353	3.1277
193	427	1.82684
193	472	3.34494
193	488	2.465
194	293	6.35964e-05
194	391	1.64369
194	461	1.63666
194	468	3.94906
194	482	3.95648
195	222	1.12257
195	401	2.20704
195	441	2.26665
195	495	2.04265
195	509	3.54751
196	1	0.621992
196	230	0.000175532
196	333	0.00666838
196	481	5.63328
196	487	5.02396
197	301	0.000961537
197	487	2.22361
197	491	2.85976
197	502	3.37779
197	507	2.73207
198	36	2.56343
198	409	0.00564962
198	462	2.02847
198	481	3.02011
198	492	3.56166
199	54	0.00275852
199	322	1.79907
199	421	3.81519
199	439	2.42918
199	481	3.22308
200	130	1.62766
200	360	0.456558
200	459	3.96199
200	493	2.342
200	496	2.79167
201	11	3.49481
201	148	2.09536
201	397	1.86524
201	426	1.44486
201	464	2.27995
202	302	0.000550754
202	370	0.798436
202	457	2.26652
202	473	4.79844
202	479	3.3256
203	15	2.10307
203	140	3.4871
203	273	0.0115492
203	493	1.63829
203	511	3.94132
204	375	1.76899
204	440	0.00253031
204	471	0.773493
204	475	3.81629
204	511	4.81418
205	126	1.5402
205	418	2.65246
205	448	2.21386
205	474	1.39467
205	486	3.37632
206	304	2.23701
206	426	3.3531
206	435	0.00137144
206	484	1.97313
206	501	3.61639
207	54	2.59229
207	365	1.29912
207	394	2.26432
207	442	2.22416
207	459	2.85999
207	462	3.4575
208	124	0.519074
208	281	1.29435
208	448	1.56917
208	476	3.14366
208	498	3.68558
208	508	4.48715
209	300	0.0250967
209	333	0.000748147
209	406	3.17778
209	481	4.21829
209	486	2.50491
209	509	4.84872
210	131	1.13293
210	145	1.94399
210	183	0.444839
210	184	1.45239
210	475	5.77066
210	491	3.95273
211	1	0.67465
211	134	1.13517
211	283	2.743
211	322	2.06614
211	343	4.60589
211	350	3.46819
212	103	1.26165
212	445	2.83221
212	463	2.56185
212	490	3.52585
212	495	2.16408
212	497	2.35606
213	228	1.60845
213	311	1.65596
213	432	1.38708
213	482	2.14018
213	490	4.30489
213	496	3.60189
214	438	1.41729
214	445	2.67233
214	489	1.29548
214	491	3.0508
214	498	3.26192
214	503	3.00573
215	171	1.09787
215	285	0.341374
215	306	2.63814
215	376	3.62974
215	468	2.98
215	476	4.02731
216	41	2.29942
216	90	2.58032
216	190	0.0157685
216	435	0.993206
216	483	3.78046
216	502	5.03844
217	56	2.0122
217	357	0.0824813
217	363	0.696158
217	450	3.4361
217	484	3.8311
217	497	4.64146
218	110	1.27507
218	274	0.0181421
218	438	2.48806
218	500	2.8172
218	504	3.5867
218	511	4.51334
219	349	2.98693
219	360	1.46168
219	381	2.90042
219	495	2.0961
219	497	1.72495
219	510	3.52741
220	136	2.79597
220	362	2.05081
220	407	2.49773
220	497	1.7671
220	499	1.93828
220	509	3.64311
221	93	2.48099
221	264	1.08778
221	386	0.115203
221	429	3.78295
221	476	3.3458
221	498	3.88771
222	195	1.12257
222	281	0.158225
222	307	2.81085
222	442	3.2772
222	456	3.41172
222	459	3.91304
223	299	1.33269
223	394	0.952899
223	448	2.98698
223	460	1.30325
223	478	3.05815
223	502	5.07053
224	52	1.8138
224	319	1.36883
224	382	2.02769
224	414	4.16584
224	431	1.68437
224	491	3.63811
225	315	0.000260871
225	430	0.411868
225	447	3.33162
225	468	4.0205
225	491	3.3927
225	507	3.54754
226	432	1.04912
226	453	2.68102
226	484	3.61815
226	495	1.77642
226	504	2.36429
226	510	3.20773
227	239	3.0626e-06
227	357	0.743179
227	478	2.92019
227	484	3.68272
227	489	2.82035
227	503	4.5306
228	75	3.46202
228	213	1.60845
228	310	2.27764
228	364	0.743293
228	411	2.72321
228	471	3.8818
229	275	0.507453
229	320	1.99058
229	387	0.166151
229	399	4.83185
229	476	2.38243
229	502	4.80173
230	196	0.000175532
230	295	1.86807
230	327	4.0784
230	373	1.43309
230	439	3.3104
230	481	4.1043
231	327	1.47564
231	405	0.191661
231	415	3.15886
231	493	3.35356
231	496	3.80323
231	504	2.72235
232	156	1.32793
232	310	1.0256
232	465	1.47129
232	484	1.77693
232	487	4.99658
232	505	4.10453
233	236	1.52817
233	369	0.0809243
233	481	1.86066
233	483	5.74236
233	485	2.21604
233	506	3.27169
234	378	0.651005
234	474	1.21622
234	477	2.86028
234	492	1.94352
234	509	4.18877
234	512	3.83578
235	263	0.821771
235	427	1.35976
235	452	1.84568
235	463	3.1317
235	476	3.39548
235	488	4.14166
236	97	2.68488
236	188	0.707399
236	233	1.52817
236	290	2.56618
236	369	3.1332
236	381	4.07586
237	289	0.0861273
237	349	1.61478
237	380	1.93494
237	448	3.79888
237	474	2.18172
237	510	5.08072
238	193	0.418356
238	287	1.76516
238	411	1.30187
238	423	1.06009
238	472	5.16498
238	501	4.9876
239	120	1.59292
239	227	3.0626e-06
239	332	2.13873
239	345	0.88003
239	459	3.61928
239	491	6.47021
240	261	1.73954
240	326	0.51939
240	362	0.827551
240	452	2.30452
240	486	4.21652
240	502	5.10435
241	137	0.646624
241	184	1.40259
241	259	0.000214499
241	475	2.77001
241	486	3.9318
241	502	5.96143
242	57	0.299728
242	246	0.678831
242	322	1.64755
242	422	5.01703
242	431	1.90918
242	510	5.1409
243	441	1.96072
243	464	2.28933
243	466	3.63869e-05
243	489	3.10687
243	506	3.27341
243	512	4.09381
244	77	1.91608
244	82	0.113402
244	192	2.27014
244	387	3.16195
244	470	2.53491
244	508	4.70017
245	160	0.60418
245	163	0.00103105
245	441	3.63765
245	460	3.11191
245	487	1.96136
245	512	5.39982
246	242	0.678831
246	343	2.92185
246	417	0.781309
246	422	3.75157
246	489	2.8281
246	506	3.7375
247	386	0.801603
247	432	1.81461
247	467	0.000740944
247	490	4.73242
247	511	4.12775
247	512	3.22189
248	164	1.12568
248	447	3.3314
248	455	1.98575
248	468	4.02028
248	473	1.96253
248	475	2.27625
249	42	0.78289
249	357	0.616791
249	400	0.0391415
249	410	2.26274
249	466	4.2988
249	505	6.693
250	89	0.183284
250	289	0.270305
250	290	1.73924
250	430	5.61021
250	498	3.34399
250	510	3.5527
251	314	0.000136528
251	424	1.03143
251	453	2.95612
251	482	3.3609
251	496	3.26772
251	512	4.08108
252	57	3.69682
252	142	0.662167
252	276	2.99155
252	401	3.07503
252	431	1.12657
252	473	3.16139
253	33	1.83469
253	167	1.97663
253	380	2.50768
253	461	3.00629
253	505	2.1857
253	509	3.19013
254	399	1.51952
254	401	2.73538
254	458	1.80701
254	462	2.63997
254	473	2.82175
254	494	3.18549
255	12	1.19813
255	116	0.00236906
255	154	2.72262
255	324	2.02293
255	464	4.12799
255	480	4.62391
256	5	0.00410004
256	100	0.732478
256	409	1.54151
256	469	5.07353
256	486	3.78194
256	501	3.56249
257	101	1.23038
257	170	0.662173
257	341	0.886774
257	394	1.94765
257	473	5.80347
257	503	4.17185
258	188	0.00336574
258	323	0.996858
258	374	1.85064
258	395	1.86356
258	439	4.26698
258	480	4.56599
258	481	5.06089
259	241	0.000214499
259	319	1.49772
259	367	0.857418
259	414	2.53059
259	472	4.37439
259	473	4.05255
259	480	5.20854
260	271	1.11468
260	281	4.13363
260	290	0.418406
260	378	2.10799
260	385	1.89737
260	423	4.55689
260	430	4.28938
261	240	1.73954
261	341	1.00703
261	366	0.000974441
261	399	3.95974
261	443	2.5446
261	465	4.47828
261	484	4.78392
262	93	1.7821
262	144	0.218642
262	393	1.89715e-05
262	468	2.21136
262	479	3.60385
262	507	3.87996
262	508	6.83655
263	235	0.821771
263	308	2.89797
263	309	0.000190271
263	447	0.836655
263	463	3.73762
263	490	4.70162
263	512	5.52997
264	221	1.08778
264	340	0.558801
264	471	1.94517
264	484	3.73126
264	488	2.49317
264	503	4.39337
264	507	4.31076
265	174	1.56533
265	308	4.10351
265	364	0.00502101
265	373	3.59658
265	415	0.0048715
265	500	3.77697
265	511	5.47312
266	172	1.25421
266	379	0.780847
266	469	0.00168723
266	487	1.07302
266	506	3.69109
266	509	7.23591
266	512	4.51148
267	6	2.20009
267	347	2.47976
267	368	0.114226
267	426	2.2512
267	437	2.96772
267	444	3.81266
267	496	4.69442
268	18	2.03497
268	110	2.7157
268	465	4.51292
268	492	1.32935
268	497	1.69859
268	504	2.6576
268	509	3.5746
269	155	3.54516
269	393	0.000374311
269	434	1.62999
269	479	3.44696
269	489	2.09544
269	495	4.08725
269	507	3.72307
270	3	1.83143
270	20	1.3448
270	49	2.3281
270	305	3.73969
270	334	1.85929
270	475	3.64346
270	489	3.75643
271	260	1.11468
271	325	1.20276
271	435	2.63884
271	470	1.99619
271	483	5.42609
271	491	2.43679
271	510	3.71478
272	9	3.56293
272	161	0.557802
272	169	1.18875
272	186	8.70307e-05
272	385	4.50738
272	435	2.96207
272	483	5.74932
273	26	1.32824
273	203	0.0115492
273	428	2.26482
273	480	3.15457
273	485	3.84069
273	493	3.66802
273	496	4.25182
274	127	2.49146
274	172	2.28806
274	180	0.0202392
274	218	0.0181421
274	371	1.5703
274	452	4.48048
274	500	7.65153
275	23	1.31739
275	229	0.507453
275	328	1.64823
275	359	2.63068
275	382	4.9713
275	485	2.48296
275	502	4.9581
276	252	2.99155
276	333	1.26115
276	374	2.34395
276	388	1.1278
276	460	2.65813
276	465	3.91286
276	484	4.2185
277	413	0.000155969
277	444	0.547066
277	472	1.54385
277	487	3.88924
277	490	3.2807
277	500	3.78203
277	511	5.47817
278	348	2.78331
278	349	3.94695
278	388	0.835589
278	400	1.16068
278	421	1.51462
278	451	2.96296
278	464	5.31413
279	121	2.41797
279	181	0.000269293
279	452	3.17132
279	465	2.17992
279	480	3.67081
279	492	2.46757
279	505	4.61942
280	327	3.30543
280	338	2.19748
280	346	0.000564036
280	400	1.67101
280	407	2.08306
280	490	4.70827
280	498	4.54997
281	208	1.29435
281	222	0.158225
281	260	4.13363
281	354	3.83353
281	394	2.8488
281	442	2.80864
281	459	3.44447
282	119	0.143843
282	159	0.935519
282	283	3.29556
282	372	2.79088
282	433	2.23361
282	482	3.42672
282	508	5.68955
283	211	2.743
283	282	3.29556
283	292	1.72112
283	329	1.50194
283	411	0.185997
283	500	3.68913
283	511	5.38527
284	61	2.46488
284	349	3.02234
284	403	3.77351
284	470	1.33341
284	503	1.93907
284	506	2.41301
284	512	3.57631
285	69	1.77602
285	215	0.341374
285	456	3.65043
285	464	3.83396
285	469	1.80605
285	496	3.1501
285	505	3.96232
286	19	1.96167
286	168	0.0045902
286	317	0.867786
286	432	1.77036
286	476	3.98794
286	489	4.04332
286	490	4.68816
286	496	5.30266
287	132	1.11726
287	238	1.76516
287	300	1.96743
287	386	1.52404e-05
287	415	4.07814
287	455	2.64448
287	472	6.46384
287	500	4.60299
288	101	0.437417
288	186	2.70576
288	420	2.9605
288	436	2.57358
288	440	2.13538
288	441	3.51008
288	467	2.52171
288	499	5.781
289	237	0.0861273
289	250	0.270305
289	383	2.6553
289	393	4.24626
289	446	4.1418
289	462	2.03083
289	495	4.30441
289	504	4.89227
290	236	2.56618
290	250	1.73924
290	260	0.418406
290	390	1.84986
290	423	4.71485
290	430	4.44734
290	459	2.51744
290	499	4.38002
291	58	1.00493
291	84	2.15336
291	139	2.19735
291	362	2.27947
291	363	3.96062
291	417	4.15102
291	419	1.6829
291	504	5.19546
292	149	0.87354
292	283	1.72112
292	388	2.72287
292	407	0.000671285
292	466	0.00125685
292	493	6.01093
292	506	5.25973
292	512	6.08013
293	194	6.35964e-05
293	353	2.07735
293	391	2.46539
293	447	4.08188
293	456	0.123113
293	468	4.77076
293	501	4.296
293	512	4.82193
294	71	0.849505
294	302	2.39278
294	326	3.38874
294	352	2.98702
294	378	3.58356
294	384	2.34482
294	409	3.04512
294	417	4.0304
295	81	1.85994
295	230	1.86807
295	378	2.61987
295	416	1.88408
295	475	2.61084
295	481	4.9631
295	485	3.04626
295	486	3.77264
296	51	1.82179
296	331	0.114528
296	390	2.60694
296	394	2.97175
296	475	3.32218
296	478	3.39268
296	483	3.91474
296	486	4.48398
297	349	1.25709
297	365	1.57318
297	446	0.725466
297	477	2.79634
297	492	3.90531
297	493	3.6739
297	494	4.11801
297	504	4.57927
298	66	0.630446
298	380	1.4999
298	428	2.19713
298	448	3.33693
298	463	2.25576
298	499	4.10535
298	501	4.27994
298	504	4.3224
299	88	2.48305
299	223	1.33269
299	301	2.47574
299	390	0.790378
299	410	0.731186
299	434	2.50757
299	489	5.02095
299	510	7.28459
300	92	0.129884
300	209	0.0250967
300	287	1.96743
300	389	1.84547
300	427	3.84915
300	472	5.36725
300	477	5.13476
300	491	4.30796
301	197	0.000961537
301	299	2.47574
301	413	2.61596
301	450	1.64287
301	476	4.57858
301	489	2.64497
301	491	4.4003
301	507	4.27261
302	84	1.84402
302	165	3.66569
302	202	0.000550754
302	294	2.39278
302	401	3.79095
302	454	2.71397
302	473	3.87731
302	495	4.37437
303	49	1.12584
303	98	1.50447
303	356	9.86439e-05
303	423	2.77749
303	445	5.9083
303	479	3.5614
303	503	3.92013
303	507	3.83752
304	47	1.32653
304	139	1.34492
304	206	2.23701
304	306	2.55981
304	350	3.28333
304	417	4.12562
304	426	3.54911
304	456	4.20068
305	44	0.919557
305	125	1.57919
305	270	3.73969
305	337	2.28768
305	343	0.853095
305	376	5.09307
305	428	2.1085
305	505	6.06707
306	3	2.19321
306	125	2.75018
306	171	3.73219
306	215	2.63814
306	304	2.55981
306	317	0.584905
306	455	4.312
306	479	3.8558
307	45	1.49798
307	138	0.0508354
307	222	2.81085
307	312	2.22797
307	416	3.55565
307	426	3.92252
307	457	3.66409
307	482	4.89871
308	263	2.89797
308	265	4.10351
308	405	1.29362
308	440	3.01583
308	462	1.31743
308	474	2.12333
308	492	2.85062
308	510	5.02233
309	184	3.92096
309	263	0.000190271
309	354	0.928773
309	391	4.23382
309	437	1.05705
309	454	2.57162
309	470	3.7641
309	500	6.15914
310	228	2.27764
310	232	1.0256
310	462	0.481985
310	469	2.92702
310	497	2.38442
310	505	5.0833
310	509	4.26042
310	510	4.18688
311	110	0.754305
311	213	1.65596
311	359	1.01666
311	418	3.28779
311	473	2.76349
311	486	3.92237
311	498	5.61578
311	507	3.61541
312	307	2.22797
312	335	2.84262
312	349	2.43857
312	382	1.40139
312	424	1.98047
312	464	3.80575
312	499	3.11804
312	512	4.81411
313	326	1.67821
313	382	2.59425
313	415	0.420063
313	440	1.0959
313	443	2.50065
313	446	1.56514
313	501	5.48105
313	511	7.29687
314	251	0.000136528
314	321	0.344383
314	411	1.94216
314	440	0.940457
314	451	1.28973
314	498	4.62012
314	509	6.35644
314	511	7.14143
315	225	0.000260871
315	391	3.19418
315	406	0.616637
315	438	1.84541
315	447	4.81067
315	448	1.80598
315	468	5.49955
315	500	3.90542
315	511	5.32894
316	332	1.54714
316	430	1.80321
316	431	2.8303
316	476	3.30936
316	477	2.4934
316	481	4.01201
316	493	3.37096
316	494	3.81506
316	496	3.82062
317	70	0.00453711
317	286	0.867786
317	306	0.584905
317	425	2.26771
317	432	3.34185
317	433	3.02977
317	442	3.37395
317	490	6.25965
317	509	7.2735
318	48	2.32325
318	189	0.325421
318	357	0.058966
318	407	1.6527
318	465	3.50194
318	484	3.80758
318	501	5.07486
318	504	4.12177
318	505	6.13517
319	224	1.36883
319	259	1.49772
319	367	1.70587
319	401	2.58855
319	427	3.70475
319	464	2.97678
319	472	5.22284
319	491	4.06472
319	495	3.87626
320	173	0.00179249
320	229	1.99058
320	344	2.60629
320	351	1.92844
320	392	2.12578
320	401	2.90656
320	442	4.16472
320	459	4.80055
320	508	6.48592
321	105	3.47893
321	166	3.58311
321	177	2.49151
321	314	0.344383
321	358	1.07384
321	394	3.60328
321	449	2.23047
321	488	4.42468
321	508	5.77102
322	98	2.13631
322	158	2.58944
322	179	2.93139
322	199	1.79907
322	211	2.06614
322	242	1.64755
322	422	4.72029
322	492	4.29818
322	503	4.81393
323	31	0.684821
323	67	2.68338
323	97	1.31464
323	142	1.39641
323	258	0.996858
323	423	3.10749
323	459	4.00227
323	483	7.42439
323	484	5.39175
324	96	0.253087
324	255	2.02293
324	374	1.33873
324	397	3.81562
324	403	3.61432
324	456	4.04681
324	492	3.24452
324	493	4.00034
324	498	4.66447
325	3	2.93653
325	7	0.00330481
325	147	0.385827
325	271	1.20276
325	369	3.12405
325	460	2.92512
325	466	3.89759
325	478	3.73799
325	483	8.78548
326	99	1.91571
326	240	0.51939
326	294	3.38874
326	313	1.67821
326	328	3.64862
326	354	2.97872
326	398	5.21677
326	404	1.57472
326	489	6.07201
327	230	4.0784
327	231	1.47564
327	280	3.30543
327	357	4.63903
327	389	0.377495
327	448	3.12325
327	452	2.37371
327	485	3.55933
327	501	4.06626
328	275	1.64823
328	326	3.64862
328	345	0.531865
328	382	0.00105388
328	391	5.53441
328	467	4.32326
328	489	2.66095
328	503	4.37121
328	507	4.28859
329	153	0.138438
329	283	1.50194
329	345	0.673719
329	382	0.468977
329	471	3.23364
329	474	3.12931
329	499	5.49283
329	503	6.21883
329	507	6.13621
330	80	1.72254
330	359	2.63472
330	365	0.000151156
330	450	2.57445
330	457	3.15912
330	465	2.6638
330	484	2.96945
330	505	5.29704
330	506	5.98727
331	160	1.2188
331	296	0.114528
331	355	2.67836
331	380	2.27226
331	403	3.0327
331	416	3.38319
331	439	2.75982
331	482	6.48795
331	501	5.0523
332	239	2.13873
332	316	1.54714
332	361	1.13667
332	401	5.08163
332	402	3.27246
332	431	3.13317
332	439	1.43107
332	458	4.15326
332	462	5.10755
333	196	0.00666838
333	209	0.000748147
333	276	1.26115
333	406	4.10152
333	414	1.88129
333	439	4.34813
333	448	4.71482
333	481	5.14203
333	507	5.68444
334	94	1.30861
334	270	1.85929
334	337	2.51259
334	471	2.33785
334	492	1.9387
334	496	5.47977
334	504	3.26696
334	509	4.18395
334	510	4.11041
335	27	1.61026
335	312	2.84262
335	389	1.33426
335	420	1.83062
335	424	2.76541
335	445	4.76834
335	453	2.49273
335	457	4.27874
335	510	5.07473
336	34	2.30832
336	98	1.85565
336	177	0.947841
336	179	2.65074
336	343	3.60991
336	420	2.92354
336	422	4.43964
336	475	4.5063
336	479	3.75959
337	62	0.154742
337	305	2.28768
337	334	2.51259
337	350	3.73117
337	421	1.6895
337	429	4.81509
337	446	2.26371
337	477	4.33459
337	493	5.21215
338	22	1.46772
338	139	2.99509
338	280	2.19748
338	408	1.45869
338	425	1.2284
338	454	2.12008
338	482	3.21499
338	497	6.84103
338	508	5.47781
339	154	2.86498
339	364	2.53271
339	436	0.103258
339	458	2.72738
339	497	2.61602
339	498	5.37667
339	499	2.7872
339	504	3.57504
339	510	4.41849
340	264	0.558801
340	374	0.487903
340	384	2.6083e-05
340	457	1.02987
340	469	2.86391
340	486	3.68081
340	489	5.3708
340	503	7.08105
340	511	5.92719
341	34	1.68995
341	37	2.04969
341	257	0.886774
341	261	1.00703
341	370	1.19496
341	458	4.18023
341	473	5.19496
341	480	4.73019
341	512	6.0736
342	120	0.000362548
342	368	2.05184
342	411	1.77153
342	426	2.72661
342	428	2.02347
342	465	2.83817
342	484	3.14381
342	505	5.47141
342	509	6.98647
343	155	2.36235
343	211	4.60589
343	246	2.92185
343	305	0.853095
343	336	3.60991
343	370	1.79253
343	406	3.45193
343	436	3.03533
343	442	4.36211
344	55	2.84449
344	145	3.63611
344	171	0.941072
344	175	1.69796
344	320	2.60629
344	351	2.13292
344	353	4.70257
344	431	3.6911
344	442	4.36919
344	459	5.00503
345	239	0.88003
345	328	0.531865
345	329	0.673719
345	355	2.29244
345	461	1.6436
345	468	1.9142
345	479	7.54029
345	489	6.18876
345	494	4.45729
345	498	5.50547
346	64	1.30239
346	165	0.883845
346	280	0.000564036
346	404	0.577892
346	425	3.14539
346	463	3.85517
346	476	4.11894
346	493	5.75072
346	499	5.45181
346	502	6.53824
347	14	0.533654
347	127	1.79383
347	267	2.47976
347	391	3.31533
347	424	2.2884
347	429	2.36867
347	476	2.48133
347	490	4.25179
347	508	6.88069
347	510	5.23399
348	278	2.78331
348	386	1.76015
348	389	3.04754
348	437	4.31559
348	455	0.000352343
348	466	0.341673
348	469	1.62916
348	488	3.90505
348	506	6.51707
348	512	7.33746
349	57	1.61872
349	219	2.98693
349	237	1.61478
349	278	3.94695
349	284	3.02234
349	297	1.25709
349	312	2.43857
349	371	2.28098
349	456	4.78469
349	505	7.67115
350	211	3.46819
350	304	3.28333
350	337	3.73117
350	413	0.0210293
350	451	0.99307
350	452	1.80844
350	457	3.52024
350	471	2.80409
350	500	5.14863
350	511	6.84478
351	320	1.92844
351	344	2.13292
351	367	1.66774
351	376	0.801109
351	394	3.7315
351	422	0.374705
351	442	3.69134
351	459	4.32718
351	466	4.59486
351	509	8.37027
352	93	2.20984
352	162	0.00105884
352	294	2.98702
352	396	3.35168
352	400	2.59923
352	406	3.15293
352	420	1.021
352	472	3.716
352	503	6.33311
352	507	6.2505
353	169	1.28209
353	193	3.1277
353	293	2.07735
353	344	4.70257
353	355	2.14027
353	357	4.62017
353	392	1.50769
353	478	3.64237
353	485	4.00728
353	501	4.51421
354	281	3.83353
354	309	0.928773
354	326	2.97872
354	363	3.42997
354	398	3.14734
354	409	2.6351
354	417	3.62037
354	444	2.4853
354	463	3.1798
354	480	5.38204
355	93	1.51636
355	331	2.67836
355	345	2.29244
355	353	2.14027
355	381	3.00292
355	393	4.19005
355	402	3.24383
355	413	3.28782
355	425	4.52493
355	428	4.74555
356	92	0.588706
356	303	9.86439e-05
356	393	0.236696
356	425	2.15783
356	458	2.77801
356	479	4.96702
356	490	4.6538
356	491	5.37082
356	507	5.24313
356	510	5.636
357	217	0.0824813
357	227	0.743179
357	249	0.616791
357	318	0.058966
357	327	4.63903
357	353	4.62017
357	393	3.02737
357	450	4.89168
357	465	4.98103
357	492	5.21177
357	505	7.61427
358	321	1.07384
358	373	2.64027
358	375	1.15528
358	424	2.95147
358	434	0.940223
358	469	3.23084
358	470	5.37851
358	486	4.04773
358	488	6.19743
358	493	3.99109
358	500	4.87059
359	275	2.63068
359	311	1.01666
359	330	2.63472
359	370	2.49179
359	382	0.000169133
359	443	3.09531
359	456	3.25881
359	479	4.99492
359	485	5.73868
359	503	5.35365
359	507	5.27103
360	200	0.456558
360	219	1.46168
360	421	1.91552
360	438	2.05351
360	446	2.48974
360	483	3.2286
360	485	3.92809
360	490	4.64051
360	493	5.43817
360	496	5.88783
360	506	4.98373
361	2	0.999459
361	29	0.198274
361	332	1.13667
361	401	5.99398
361	431	4.04552
361	444	2.216
361	447	1.76284
361	472	3.21278
361	473	6.08034
361	487	5.55817
361	506	5.29285
362	220	2.05081
362	240	0.827551
362	291	2.27947
362	381	2.20734
362	389	2.34402
362	398	2.47299
362	428	3.94998
362	461	3.75135
362	478	5.16094
362	483	5.16004
362	497	6.2797
363	48	1.67731
363	58	2.99498
363	160	2.69999
363	217	0.696158
363	291	3.96062
363	354	3.42997
363	368	1.33584
363	409	5.15579
363	424	3.89575
363	480	5.38598
363	504	5.25038
364	128	0.0274131
364	150	1.35618
364	228	0.743293
364	265	0.00502101
364	339	2.53271
364	368	3.50294
364	413	1.58584
364	435	3.59992
364	500	7.09198
364	507	7.24902
364	511	8.78812
365	11	1.96418
365	207	1.29912
365	297	1.57318
365	330	0.000151156
365	366	0.95355
365	382	4.57565
365	400	1.54954
365	463	4.44271
365	465	5.57016
365	503	6.35113
365	505	8.2034
366	163	0.903225
366	261	0.000974441
366	365	0.95355
366	368	3.02106
366	423	2.57734
366	424	4.19713
366	450	3.71804
366	469	4.87336
366	484	4.11304
366	486	5.69026
366	505	6.44063
367	175	0.885379
367	259	0.857418
367	319	1.70587
367	351	1.66774
367	395	2.72839
367	401	3.49576
367	414	4.50288
367	427	4.82859
367	472	6.34668
367	483	3.8558
367	506	5.61093
368	114	1.60769
368	267	0.114226
368	342	2.05184
368	363	1.33584
368	364	3.50294
368	366	3.02106
368	400	3.61705
368	408	1.44335
368	441	3.86107
368	484	7.94332
368	511	7.9858
369	184	2.71557
369	186	0.00128633
369	233	0.0809243
369	236	3.1332
369	325	3.12405
369	394	3.15678
369	412	2.61762
369	435	4.56013
369	463	3.47256
369	483	7.34738
369	498	6.28519
370	170	0.970362
370	202	0.798436
370	341	1.19496
370	343	1.79253
370	359	2.49179
370	431	4.07683
370	432	2.26943
370	438	4.42999
370	458	5.09692
370	473	6.11165
370	502	7.26384
371	68	2.96548
371	133	0.00473513
371	274	1.5703
371	349	2.28098
371	414	1.63155
371	440	1.98897
371	451	2.33824
371	471	4.14926
371	503	5.44493
371	506	5.91887
371	511	8.18994
372	282	2.79088
372	380	1.8008
372	407	0.000117051
372	419	0.00045587
372	449	2.10664
372	455	1.17663
372	467	2.6277
372	469	3.00942
372	493	4.88466
372	506	7.89733
372	508	6.58272
372	512	8.71772
373	230	1.43309
373	265	3.59658
373	358	2.64027
373	377	0.0163343
373	383	1.52443
373	390	2.87622
373	412	2.66007
373	429	2.82544
373	449	3.7969
373	480	5.75904
373	505	7.10132
373	508	7.33746
374	10	2.93484
374	145	0.000190053
374	258	1.85064
374	276	2.34395
374	324	1.33873
374	340	0.487903
374	420	1.53886
374	462	6.08799
374	475	6.22904
374	489	5.14073
374	503	6.85098
374	507	6.76836
375	94	0.335213
375	140	3.5624
375	175	2.35166
375	179	2.80083
375	204	1.76899
375	358	1.15528
375	405	1.57691
375	438	2.28658
375	477	4.79368
375	493	5.67124
375	496	6.1209
375	511	9.14638
376	20	2.69818
376	23	3.00111
376	44	3.08214
376	70	3.28037
376	215	3.62974
376	305	5.09307
376	351	0.801109
376	391	3.46462
376	445	4.58498
376	453	2.80129
376	492	3.75462
376	510	5.38328
377	136	0.478795
377	373	0.0163343
377	392	3.25618
377	402	2.67816
377	441	2.16851
377	461	3.98126
377	465	2.94673
377	475	5.32035
377	480	5.06964
377	491	3.58506
377	508	5.68825
377	509	6.39065
378	234	0.651005
378	260	2.10799
378	294	3.58356
378	295	2.61987
378	419	0.000746312
378	455	0.120906
378	469	1.95369
378	487	4.22354
378	503	5.91868
378	506	6.8416
378	507	5.90844
378	512	7.662
379	17	1.67817
379	64	2.69285
379	100	0.000410871
379	129	2.18279
379	266	0.780847
379	386	2.27881
379	412	2.6211
379	478	4.08998
379	479	4.08933
379	490	6.20962
379	502	7.9287
379	512	7.02171
380	120	2.40743
380	182	2.3014
380	237	1.93494
380	253	2.50768
380	298	1.4999
380	331	2.27226
380	372	1.8008
380	397	4.34983
380	460	3.79552
380	475	5.47991
380	480	5.2292
380	512	7.99245
381	11	0.515024
381	109	1.40053
381	219	2.90042
381	236	4.07586
381	355	3.00292
381	362	2.20734
381	395	3.53993
381	416	3.70774
381	473	5.08638
381	483	4.66734
381	485	4.86992
381	486	5.59631
382	224	2.02769
382	275	4.9713
382	312	1.40139
382	313	2.59425
382	328	0.00105388
382	329	0.468977
382	359	0.000169133
382	365	4.57565
382	431	5.30471
382	449	4.88557
382	491	7.73935
382	507	7.61166
383	10	1.06527
383	76	1.10304
383	289	2.6553
383	373	1.52443
383	402	2.38333
383	449	2.88737
383	453	3.76032
383	488	5.08158
383	494	4.76394
383	499	4.84907
383	504	5.06613
383	508	6.42792
384	6	1.06703
384	294	2.34482
384	340	2.6083e-05
384	385	1.189
384	420	0.955899
384	462	3.99045
384	464	3.42693
384	482	4.0421
384	491	6.31309
384	503	6.26802
384	507	6.1854
384	510	5.79286
385	101	2.7666
385	260	1.89737
385	272	4.50738
385	384	1.189
385	399	0.98717
385	405	1.27048
385	446	2.41637
385	448	4.72821
385	477	4.48725
385	494	5.80891
385	496	5.81447
385	507	5.69783
386	221	0.115203
386	247	0.801603
386	287	1.52404e-05
386	348	1.76015
386	379	2.27881
386	429	3.04344
386	448	4.30421
386	476	5.44899
386	490	6.14921
386	498	5.99091
386	503	5.28406
386	510	6.39698
387	103	2.73723
387	229	0.166151
387	244	3.16195
387	389	2.06341
387	413	1.0886
387	418	4.67723
387	448	3.71111
387	463	6.19953
387	466	3.55608
387	467	2.67407
387	497	4.52942
387	498	7.00522
388	11	2.03297
388	46	0.000174064
388	164	3.41078
388	276	1.1278
388	278	0.835589
388	292	2.72287
388	397	4.14563
388	421	3.78205
388	437	4.79151
388	476	4.51127
388	484	5.94459
388	505	8.27218
389	300	1.84547
389	327	0.377495
389	335	1.33426
389	348	3.04754
389	362	2.34402
389	387	2.06341
389	416	3.84442
389	448	4.57052
389	465	5.76805
389	478	4.64169
389	485	5.0066
389	504	6.72967
390	102	2.60925
390	129	3.40833
390	290	1.84986
390	296	2.60694
390	299	0.790378
390	373	2.87622
390	434	1.14075
390	492	3.74607
390	496	7.43388
390	497	4.11531
390	504	5.07432
390	510	5.91777
391	50	1.30391
391	122	0.55742
391	135	1.64362
391	194	1.64369
391	293	2.46539
391	309	4.23382
391	315	3.19418
391	328	5.53441
391	347	3.31533
391	376	3.46462
391	434	5.58247
391	447	6.62306
391	468	7.31194
392	87	1.00647
392	115	1.97392
392	131	0.615702
392	320	2.12578
392	353	1.50769
392	377	3.25618
392	402	2.61125
392	416	4.52667
392	452	4.50323
392	453	5.30791
392	484	6.24505
392	486	6.41523
392	503	6.77699
393	137	2.07286
393	157	0.290976
393	262	1.89715e-05
393	269	0.000374311
393	289	4.24626
393	355	4.19005
393	356	0.236696
393	357	3.02737
393	408	2.49953
393	479	7.99634
393	489	6.64482
393	498	7.40308
393	507	8.27246
394	13	2.02008
394	207	2.26432
394	223	0.952899
394	257	1.94765
394	281	2.8488
394	296	2.97175
394	321	3.60328
394	351	3.7315
394	369	3.15678
394	416	4.99392
394	418	5.81025
394	442	5.96778
394	459	6.60361
395	258	1.86356
395	367	2.72839
395	381	3.53993
395	396	1.02005
395	425	1.93706
395	452	2.72437
395	453	3.51887
395	454	2.82874
395	470	4.02122
395	479	5.49526
395	480	7.08422
395	482	3.92365
395	508	6.18647
396	18	1.95794
396	44	0.458896
396	136	2.79523
396	352	3.35168
396	395	1.02005
396	412	2.39714
396	444	3.04716
396	449	3.53397
396	454	3.7168
396	470	4.90927
396	482	4.8117
396	499	7.16971
396	506	7.70248
397	87	2.26358
397	151	1.27603
397	156	4.26422
397	201	1.86524
397	324	3.81562
397	380	4.34983
397	388	4.14563
397	410	4.02268
397	422	1.83858
397	435	3.53429
397	441	5.34796
397	445	5.31676
397	457	4.82716
398	36	1.43771
398	60	2.25607
398	99	2.08433
398	114	0.274141
398	158	3.00627
398	326	5.21677
398	354	3.14734
398	362	2.47299
398	409	4.87315
398	417	5.85843
398	451	4.31014
398	497	5.06922
398	505	6.86686
399	161	4.02332
399	168	0.384245
399	229	4.83185
399	254	1.51952
399	261	3.95974
399	385	0.98717
399	411	4.81465
399	432	4.28809
399	438	2.11612
399	446	2.55235
399	493	5.50079
399	494	5.94489
399	496	5.95045
400	164	2.17522
400	249	0.0391415
400	278	1.16068
400	280	1.67101
400	352	2.59923
400	365	1.54954
400	368	3.61705
400	450	4.31403
400	467	4.45921
400	478	5.18162
400	484	4.70903
400	502	8.36953
400	505	7.03662
401	108	1.8278
401	189	2.75911
401	195	2.20704
401	252	3.07503
401	254	2.73538
401	302	3.79095
401	319	2.58855
401	320	2.90656
401	332	5.08163
401	361	5.99398
401	367	3.49576
401	406	5.38857
401	449	5.01982
402	33	2.16473
402	58	2.28714
402	113	1.84826
402	121	3.17186
402	332	3.27246
402	355	3.24383
402	377	2.67816
402	383	2.38333
402	392	2.61125
402	416	3.94865
402	470	6.06876
402	498	7.57864
402	501	5.61777
403	36	1.77773
403	61	1.53464
403	75	0.538487
403	284	3.77351
403	324	3.61432
403	331	3.0327
403	424	3.90951
403	441	5.14666
403	457	4.62586
403	464	5.71938
403	476	3.46617
403	480	5.39974
403	495	4.75239
403	507	5.09568
404	326	1.57472
404	346	0.577892
404	412	2.68554
404	424	2.77064
404	429	2.85091
404	437	2.49063
404	444	3.33557
404	453	4.69533
404	464	3.01324
404	477	4.92799
404	494	4.12228
404	498	5.17046
404	508	7.36293
404	511	6.80936
405	54	1.42693
405	231	0.191661
405	308	1.29362
405	375	1.57691
405	385	1.27048
405	442	3.26146
405	477	4.90654
405	483	3.23927
405	487	5.25973
405	490	4.65119
405	493	5.78409
405	494	6.2282
405	496	6.23376
405	511	7.06358
406	1	3.3671
406	95	1.50392
406	118	1.50392
406	141	2.71061
406	146	2.69606
406	190	1.45922
406	209	3.17778
406	315	0.616637
406	333	4.10152
406	343	3.45193
406	352	3.15293
406	401	5.38857
406	481	11.7752
406	506	7.50374
407	109	1.10288
407	220	2.49773
407	280	2.08306
407	292	0.000671285
407	318	1.6527
407	372	0.000117051
407	465	6.08475
407	466	1.63851
407	469	2.92599
407	482	6.25031
407	487	5.19583
407	495	6.53463
407	506	7.8139
407	512	8.63429
408	6	1.7998
408	76	2.89694
408	102	0.663626
408	338	1.45869
408	368	1.44335
408	393	2.49953
408	412	3.54444
408	418	4.0351
408	437	3.34952
408	448	4.21981
408	470	6.05657
408	504	5.35788
408	508	8.22182
408	512	6.8369
409	60	1.74383
409	139	3.39252
409	198	0.00564962
409	256	1.54151
409	294	3.04512
409	354	2.6351
409	363	5.15579
409	398	4.87315
409	417	5.34619
409	434	2.33602
409	473	4.28465
409	491	4.98174
409	501	6.25812
409	512	6.78405
410	45	0.979952
410	133	1.28046
410	178	0.0684799
410	249	2.26274
410	299	0.731186
410	397	4.02268
410	429	3.78743
410	465	5.22466
410	495	4.42727
410	499	4.2273
410	504	5.01513
410	509	5.93212
410	510	5.85858
410	511	8.57116
411	37	2.32432
411	43	2.61691
411	96	0.0332373
411	228	2.72321
411	238	1.30187
411	283	0.185997
411	314	1.94216
411	342	1.77153
411	399	4.81465
411	440	4.56706
411	443	5.97181
411	475	6.07616
411	477	7.28632
411	511	10.768
412	177	3.09968
412	369	2.61762
412	373	2.66007
412	379	2.6211
412	396	2.39714
412	404	2.68554
412	408	3.54444
412	425	3.31415
412	449	4.02301
412	454	4.20584
412	456	3.37406
412	471	4.1176
412	478	5.14116
412	488	6.21723
412	512	8.07288
413	277	0.000155969
413	301	2.61596
413	350	0.0210293
413	355	3.28782
413	364	1.58584
413	387	1.0886
413	443	3.96881
413	451	2.91333
413	462	4.90715
413	466	4.46175
413	471	4.72435
413	494	5.45267
413	500	7.06889
413	505	7.23274
413	511	8.76504
414	52	2.18622
414	73	0.740691
414	126	1.14022
414	224	4.16584
414	259	2.53059
414	333	1.88129
414	367	4.50288
414	371	1.63155
414	427	6.50176
414	437	4.02612
414	442	4.12661
414	458	3.64055
414	472	8.01986
414	500	6.5052
414	501	6.49693
415	22	0.959583
415	50	2.70437
415	69	0.981339
415	168	2.72706
415	231	3.15886
415	265	0.0048715
415	287	4.07814
415	313	0.420063
415	440	2.88952
415	451	3.23879
415	471	5.04982
415	474	7.37137
415	488	8.02369
415	500	7.39436
415	511	9.0905
416	12	0.862489
416	79	0.8635
416	122	4.45559
416	295	1.88408
416	307	3.55565
416	331	3.38319
416	381	3.70774
416	389	3.84442
416	392	4.52667
416	394	4.99392
416	402	3.94865
416	432	4.11713
416	459	5.29669
416	471	4.90008
416	486	7.75264
417	52	0.611093
417	71	3.15058
417	86	0.638574
417	160	2.89039
417	246	0.781309
417	291	4.15102
417	294	4.0304
417	304	4.12562
417	354	3.62037
417	398	5.85843
417	409	5.34619
417	424	5.52035
417	437	5.35725
417	447	3.66068
417	505	8.35285
418	10	0.836068
418	35	1.04867
418	46	3.99628
418	91	1.23945
418	104	0.0013205
418	205	2.65246
418	311	3.28779
418	387	4.67723
418	394	5.81025
418	408	4.0351
418	432	4.67593
418	461	5.07678
418	472	6.42831
418	476	6.89351
418	498	7.43543
419	47	0.0946615
419	291	1.6829
419	372	0.00045587
419	378	0.000746312
419	429	3.60403
419	455	1.38673
419	466	1.93203
419	469	3.21951
419	482	5.20682
419	487	5.48936
419	491	5.67959
419	501	6.95597
419	506	8.10742
419	507	5.83443
419	512	8.92782
420	6	2.93102
420	16	3.76696
420	67	0.374
420	138	1.5821
420	288	2.9605
420	335	1.83062
420	336	2.92354
420	352	1.021
420	374	1.53886
420	384	0.955899
420	489	6.42175
420	497	6.90627
420	503	8.13201
420	507	8.04939
420	512	8.70505
421	104	1.08132
421	115	2.02698
421	154	0.00311502
421	199	3.81519
421	278	1.51462
421	337	1.6895
421	360	1.91552
421	388	3.78205
421	464	5.57703
421	477	5.47821
421	482	6.19221
421	488	5.06
421	493	6.35577
421	494	6.79987
421	496	6.80543
422	1	3.3288
422	155	3.19207
422	166	1.5996
422	177	4.59797
422	242	5.01703
422	246	3.75157
422	322	4.72029
422	336	4.43964
422	351	0.374705
422	397	1.83858
422	487	4.58322
422	501	4.95527
422	505	5.48006
422	507	3.83373
422	511	6.38707
423	16	4.00772
423	41	2.13682
423	80	2.13682
423	158	2.93173
423	169	2.93191
423	173	0.82604
423	238	1.06009
423	260	4.55689
423	290	4.71485
423	303	2.77749
423	323	3.10749
423	366	2.57734
423	430	8.58583
423	488	4.61276
423	505	8.0189
423	509	9.02333
424	96	3.74633
424	251	1.03143
424	312	1.98047
424	335	2.76541
424	347	2.2884
424	358	2.95147
424	363	3.89575
424	366	4.19713
424	403	3.90951
424	404	2.77064
424	417	5.52035
424	444	3.62129
424	467	5.98571
424	482	5.38583
424	488	6.30232
424	508	7.64866
425	38	0.823141
425	317	2.26771
425	338	1.2284
425	346	3.14539
425	355	4.52493
425	356	2.15783
425	395	1.93706
425	412	3.31415
425	444	3.96418
425	449	4.45098
425	454	4.63381
425	466	5.69887
425	470	5.82629
425	485	6.25204
425	486	7.13047
425	488	6.6452
426	15	2.48303
426	125	2.27685
426	183	0.714607
426	201	1.44486
426	206	3.3531
426	267	2.2512
426	304	3.54911
426	307	3.92252
426	342	2.72661
426	441	4.92758
426	445	4.89637
426	457	4.40678
426	464	5.5003
426	475	7.03124
426	480	7.87349
426	481	6.64257
427	126	1.46593
427	132	1.47742
427	193	1.82684
427	235	1.35976
427	300	3.84915
427	319	3.70475
427	367	4.82859
427	414	6.50176
427	431	2.52826
427	436	2.06127
427	472	8.34556
427	479	3.35193
427	485	4.06536
427	500	5.76665
427	508	6.5852
427	512	6.28431
428	7	0.920436
428	18	0.9586
428	273	2.26482
428	298	2.19713
428	305	2.1085
428	342	2.02347
428	355	4.74555
428	362	3.94998
428	437	5.51703
428	450	2.30107
428	461	4.83806
428	467	4.85964
428	477	7.53827
428	480	5.92643
428	494	6.73256
428	501	7.11949
429	28	2.19002
429	152	3.66078
429	221	3.78295
429	337	4.81509
429	347	2.36867
429	373	2.82544
429	386	3.04344
429	404	2.85091
429	410	3.78743
429	419	3.60403
429	437	2.85663
429	449	4.18837
429	453	5.06132
429	482	5.4661
429	488	6.38259
429	504	7.1166
430	41	1.86931
430	80	1.86931
430	106	0.00123057
430	158	2.66422
430	169	2.6644
430	225	0.411868
430	250	5.61021
430	260	4.28938
430	290	4.44734
430	316	1.80321
430	423	8.58583
430	449	3.51516
430	485	5.47139
430	493	6.29318
430	494	5.90913
430	511	8.59621
431	2	2.99595
431	106	1.49064
431	224	1.68437
431	242	1.90918
431	252	1.12657
431	316	2.8303
431	332	3.13317
431	344	3.6911
431	361	4.04552
431	370	4.07683
431	382	5.30471
431	427	2.52826
431	458	7.0621
431	473	8.07683
431	485	6.49848
431	506	7.55413
432	58	1.71074
432	213	1.38708
432	226	1.04912
432	247	1.81461
432	286	1.77036
432	317	3.34185
432	370	2.26943
432	399	4.28809
432	416	4.11713
432	418	4.67593
432	433	3.93234
432	455	5.25909
432	463	6.19823
432	502	8.8813
432	503	6.09802
432	510	7.21094
433	17	2.31869
433	66	1.2481
433	124	0.0617835
433	282	2.23361
433	317	3.02977
433	432	3.93234
433	449	1.54937
433	473	3.22516
433	476	6.14992
433	484	3.55537
433	496	4.9112
433	498	6.69183
433	502	8.56921
433	507	4.07709
433	509	6.72785
433	512	5.72456
434	53	1.46391
434	88	1.51667
434	180	3.7731
434	269	1.62999
434	299	2.50757
434	358	0.940223
434	390	1.14075
434	391	5.58247
434	409	2.33602
434	436	2.79625
434	467	2.74439
434	498	7.29243
434	499	6.00368
434	509	7.70851
434	510	7.63496
434	511	8.93132
435	142	4.19358
435	161	5.03004
435	181	1.40422
435	206	0.00137144
435	216	0.993206
435	271	2.63884
435	272	2.96207
435	364	3.59992
435	369	4.56013
435	397	3.53429
435	451	4.61906
435	454	3.52575
435	462	4.85019
435	477	6.20141
435	483	10.2216
435	490	5.67039
436	15	1.51657
436	82	0.255165
436	288	2.57358
436	339	0.103258
436	343	3.03533
436	427	2.06127
436	434	2.79625
436	446	3.80861
436	467	2.6827
436	485	6.03149
436	490	6.74392
436	492	5.40157
436	497	5.77081
436	499	5.94199
436	504	6.72983
436	508	8.55133
437	77	2.08559
437	148	0.00134389
437	267	2.96772
437	309	1.05705
437	348	4.31559
437	388	4.79151
437	404	2.49063
437	408	3.34952
437	414	4.02612
437	417	5.35725
437	428	5.51703
437	429	2.85663
437	449	3.8281
437	482	5.10582
437	488	6.02231
437	508	7.36865
437	510	8.95242
438	50	2.51339
438	99	1.19963
438	113	0.0855937
438	214	1.41729
438	218	2.48806
438	315	1.84541
438	360	2.05351
438	370	4.42999
438	375	2.28658
438	399	2.11612
438	476	6.61884
438	477	5.6162
438	485	7.67687
438	493	6.49376
438	494	6.93786
438	496	6.94342
438	510	9.3715
439	20	0.823493
439	30	4.04742
439	146	2.94267
439	190	1.70583
439	199	2.42918
439	230	3.3104
439	258	4.26698
439	331	2.75982
439	332	1.43107
439	333	4.34813
439	442	3.57402
439	454	2.81911
439	481	12.0218
439	483	3.55184
439	501	5.94434
439	508	6.77116
439	511	7.37614
440	91	0.109079
440	204	0.00253031
440	288	2.13538
440	308	3.01583
440	313	1.0959
440	314	0.940457
440	371	1.98897
440	411	4.56706
440	415	2.88952
440	461	3.28502
440	471	5.72565
440	484	5.71074
440	492	5.72694
440	499	6.18385
440	500	8.07019
440	509	8.88321
440	511	9.76633
441	45	2.50303
441	84	1.71397
441	144	2.93761
441	195	2.26665
441	243	1.96072
441	245	3.63765
441	288	3.51008
441	368	3.86107
441	377	2.16851
441	397	5.34796
441	403	5.14666
441	426	4.92758
441	445	5.15875
441	456	5.57914
441	457	4.66915
441	469	7.09721
441	507	7.60715
442	13	1.97992
442	123	2.23797
442	207	2.22416
442	222	3.2772
442	281	2.80864
442	317	3.37395
442	320	4.16472
442	343	4.36211
442	344	4.36919
442	351	3.69134
442	394	5.96778
442	405	3.26146
442	414	4.12661
442	439	3.57402
442	459	6.56345
442	488	6.16995
442	503	7.93999
443	22	3.04017
443	37	1.67366
443	128	0.383134
443	133	0.394574
443	185	0.819695
443	261	2.5446
443	313	2.50065
443	359	3.09531
443	411	5.97181
443	413	3.96881
443	451	5.31938
443	470	5.36826
443	471	7.1304
443	485	5.39221
443	495	5.6204
443	497	5.81238
443	500	9.47494
443	502	7.86736
444	107	0.190214
444	132	2.68234
444	175	2.34447
444	267	3.81266
444	277	0.547066
444	354	2.4853
444	361	2.216
444	396	3.04716
444	404	3.33557
444	424	3.62129
444	425	3.96418
444	470	6.04834
444	472	4.98995
444	482	5.95076
444	490	6.72681
444	502	8.48952
444	508	8.21359
444	510	7.70901
445	12	2.80162
445	47	2.67379
445	57	2.38197
445	72	1.18979
445	142	2.06452
445	171	4.64478
445	212	2.83221
445	214	2.67233
445	303	5.9083
445	335	4.76834
445	376	4.58498
445	397	5.31676
445	426	4.89637
445	441	5.15875
445	450	4.93816
445	456	5.54794
445	457	4.63795
445	491	9.34855
446	170	3.75135
446	192	0.994558
446	289	4.1418
446	297	0.725466
446	313	1.56514
446	337	2.26371
446	360	2.48974
446	385	2.41637
446	399	2.55235
446	436	3.80861
446	457	4.04019
446	477	6.05243
446	481	5.45731
446	493	6.92999
446	494	7.37409
446	496	7.37965
446	503	6.39441
446	505	8.03051
447	71	2.52716
447	122	2.17391
447	138	2.45226
447	141	2.45226
447	225	3.33162
447	248	3.3314
447	263	0.836655
447	293	4.08188
447	315	4.81067
447	361	1.76284
447	391	6.62306
447	417	3.66068
447	468	8.92843
447	470	5.53727
447	472	4.53679
447	483	4.86173
447	493	6.383
447	508	8.08105
448	136	2.08426
448	172	3.63691
448	205	2.21386
448	208	1.56917
448	223	2.98698
448	237	3.79888
448	298	3.33693
448	315	1.80598
448	327	3.12325
448	333	4.71482
448	385	4.72821
448	386	4.30421
448	387	3.71111
448	389	4.57052
448	408	4.21981
448	485	7.75235
448	486	8.47874
448	510	9.33206
449	143	1.24009
449	321	2.23047
449	372	2.10664
449	373	3.7969
449	382	4.88557
449	383	2.88737
449	396	3.53397
449	401	5.01982
449	412	4.02301
449	425	4.45098
449	429	4.18837
449	430	3.51516
449	433	1.54937
449	437	3.8281
449	453	6.03279
449	482	6.43757
449	497	6.49952
449	505	8.29716
449	512	8.2983
450	159	1.43548
450	176	1.43548
450	217	3.4361
450	301	1.64287
450	330	2.57445
450	357	4.89168
450	366	3.71804
450	400	4.31403
450	428	2.30107
450	445	4.93816
450	462	3.93406
450	470	4.01788
450	475	4.07511
450	484	8.64029
450	487	5.3628
450	503	4.62354
450	504	4.78176
450	505	10.9679
450	510	5.73646
451	5	1.6223
451	80	2.2758
451	98	2.4938
451	180	0.707237
451	278	2.96296
451	314	1.28973
451	350	0.99307
451	371	2.33824
451	398	4.31014
451	413	2.91333
451	415	3.23879
451	435	4.61906
451	443	5.31938
451	454	6.26446
451	469	7.75822
451	471	6.07492
451	496	9.10227
451	500	8.41946
451	511	10.1156
452	39	1.58964
452	235	1.84568
452	240	2.30452
452	274	4.48048
452	279	3.17132
452	327	2.37371
452	350	1.80844
452	392	4.50323
452	395	2.72437
452	463	3.22456
452	473	4.27082
452	478	6.63791
452	480	6.31669
452	485	7.00282
452	489	4.69752
452	499	5.07414
452	501	7.50975
452	506	5.60692
452	511	7.67608
453	33	0.934918
453	35	0.666193
453	157	2.38013
453	192	2.33007
453	226	2.68102
453	251	2.95612
453	335	2.49273
453	376	2.80129
453	383	3.76032
453	392	5.30791
453	395	3.51887
453	404	4.69533
453	429	5.06132
453	449	6.03279
453	470	7.40809
453	482	7.31052
453	484	7.19798
453	491	7.56486
453	507	7.71969
454	20	3.17553
454	61	1.41356
454	127	3.79636
454	178	1.11622
454	302	2.71397
454	309	2.57162
454	338	2.12008
454	395	2.82874
454	396	3.7168
454	412	4.20584
454	425	4.63381
454	435	3.52575
454	439	2.81911
454	451	6.26446
454	474	4.76272
454	488	7.53688
454	502	9.07851
454	506	7.65901
454	508	8.88322
455	61	2.58855
455	112	0.010601
455	126	4.05479
455	191	0.769508
455	248	1.98575
455	287	2.64448
455	306	4.312
455	348	0.000352343
455	372	1.17663
455	378	0.120906
455	419	1.38673
455	432	5.25909
455	466	5.50021
455	471	6.04203
455	474	5.93771
455	475	7.81164
455	487	9.05754
455	506	11.6756
455	512	12.496
456	25	0.000267042
456	27	2.38987
456	222	3.41172
456	285	3.65043
456	293	0.123113
456	304	4.20068
456	324	4.04681
456	349	4.78469
456	359	3.25881
456	412	3.37406
456	441	5.57914
456	445	5.54794
456	457	5.05834
456	464	6.15187
456	475	5.589
456	486	6.43415
456	487	6.87668
456	490	6.26815
456	499	6.07859
457	150	0.941708
457	202	2.26652
457	307	3.66409
457	330	3.15912
457	335	4.27874
457	340	1.02987
457	350	3.52024
457	397	4.82716
457	403	4.62586
457	426	4.40678
457	441	4.66915
457	445	4.63795
457	446	4.04019
457	456	5.05834
457	464	5.24187
457	478	5.5503
457	486	7.14151
457	490	6.9755
457	499	6.78595
458	14	3.46419
458	59	2.08149
458	73	1.49644
458	78	2.05663
458	106	2.51074
458	170	3.95563
458	254	1.80701
458	332	4.15326
458	339	2.72738
458	341	4.18023
458	356	2.77801
458	370	5.09692
458	414	3.64055
458	431	7.0621
458	472	5.84779
458	473	9.09692
458	478	6.15945
458	495	7.10041
458	504	7.61215
459	165	2.65078
459	175	3.89221
459	182	3.22377
459	200	3.96199
459	207	2.85999
459	222	3.91304
459	239	3.61928
459	281	3.44447
459	290	2.51744
459	320	4.80055
459	323	4.00227
459	344	5.00503
459	351	4.32718
459	394	6.60361
459	416	5.29669
459	442	6.56345
459	463	5.36916
459	467	5.26069
459	488	5.50754
460	8	1.41426
460	109	2.59923
460	134	1.43409
460	172	1.95319
460	223	1.30325
460	245	3.11191
460	276	2.65813
460	325	2.92512
460	380	3.79552
460	461	4.29412
460	462	6.40216
460	463	5.18323
460	475	5.63321
460	478	5.70372
460	482	6.45381
460	485	6.06863
460	486	6.79501
460	497	6.93011
460	500	8.21123
460	501	6.57556
461	4	1.29521
461	86	1.11278
461	194	1.63666
461	253	3.00629
461	345	1.6436
461	362	3.75135
461	377	3.98126
461	418	5.07678
461	428	4.83806
461	440	3.28502
461	460	4.29412
461	478	6.04902
461	479	4.9462
461	480	5.72781
461	481	5.30425
461	483	4.96014
461	486	7.14031
461	492	5.7256
461	500	7.36092
461	501	6.92086
461	508	8.17947
462	53	2.53604
462	182	1.65826
462	198	2.02847
462	207	3.4575
462	254	2.63997
462	289	2.03083
462	308	1.31743
462	310	0.481985
462	332	5.10755
462	374	6.08799
462	384	3.99045
462	413	4.90715
462	435	4.85019
462	450	3.93406
462	460	6.40216
462	474	5.80808
462	488	6.73948
462	497	6.90462
462	504	7.86364
462	509	8.78063
462	510	8.70709
463	59	1.91814
463	91	2.76175
463	111	1.59723
463	212	2.56185
463	235	3.1317
463	263	3.73762
463	298	2.25576
463	346	3.85517
463	354	3.1798
463	365	4.44271
463	369	3.47256
463	387	6.19953
463	432	6.19823
463	452	3.22456
463	459	5.36916
463	460	5.18323
463	467	5.27369
463	482	6.65275
463	490	9.11603
463	494	7.14661
463	498	8.95773
464	63	2.85696
464	84	2.28669
464	90	3.15893
464	134	3.85515
464	201	2.27995
464	243	2.28933
464	255	4.12799
464	278	5.31413
464	285	3.83396
464	312	3.80575
464	319	2.97678
464	384	3.42693
464	403	5.71938
464	404	3.01324
464	421	5.57703
464	426	5.5003
464	456	6.15187
464	457	5.24187
464	488	6.17595
464	510	9.05891
464	512	9.58323
465	21	1.26857
465	114	2.39402
465	116	4.0048
465	143	2.97464
465	232	1.47129
465	261	4.47828
465	268	4.51292
465	276	3.91286
465	279	2.17992
465	318	3.50194
465	330	2.6638
465	342	2.83817
465	357	4.98103
465	365	5.57016
465	377	2.94673
465	389	5.76805
465	407	6.08475
465	410	5.22466
465	483	7.11441
465	484	8.72965
465	500	9.51519
465	505	11.0572
466	4	2.52595
466	19	1.42061e-05
466	22	2.52927
466	45	3.01601
466	243	3.63869e-05
466	249	4.2988
466	292	0.00125685
466	325	3.89759
466	348	0.341673
466	351	4.59486
466	387	3.55608
466	407	1.63851
466	413	4.46175
466	419	1.93203
466	425	5.69887
466	455	5.50021
466	469	7.33299
466	487	9.60284
466	498	8.96833
466	506	12.2209
466	507	8.05389
466	512	13.0413
467	65	0.270344
467	247	0.000740944
467	288	2.52171
467	328	4.32326
467	372	2.6277
467	387	2.67407
467	400	4.45921
467	424	5.98571
467	428	4.85964
467	434	2.74439
467	436	2.6827
467	459	5.26069
467	463	5.27369
467	474	4.6224
467	490	7.31283
467	492	5.3497
467	497	5.71894
467	499	5.89012
467	504	6.67796
467	505	8.81821
467	509	7.59495
467	510	7.52141
468	56	1.98734
468	122	2.86279
468	135	3.94899
468	138	3.14114
468	139	1.24899
468	141	3.14114
468	194	3.94906
468	215	2.98
468	225	4.0205
468	248	4.02028
468	262	2.21136
468	293	4.77076
468	315	5.49955
468	345	1.9142
468	391	7.31194
468	447	8.92843
468	475	5.96351
468	489	6.07648
468	499	6.45311
468	505	8.14804
468	506	6.98588
468	510	7.62486
469	62	0.00203703
469	109	2.89356
469	134	3.02127
469	163	0.00239868
469	256	5.07353
469	266	0.00168723
469	285	1.80605
469	310	2.92702
469	340	2.86391
469	348	1.62916
469	358	3.23084
469	366	4.87336
469	372	3.00942
469	378	1.95369
469	407	2.92599
469	419	3.21951
469	441	7.09721
469	451	7.75822
469	466	7.33299
469	487	10.8903
469	493	8.9189
469	495	8.32531
469	506	13.5084
469	512	14.3288
470	81	1.59057
470	97	1.3671
470	123	1.17417
470	151	2.67574
470	244	2.53491
470	271	1.99619
470	284	1.33341
470	309	3.7641
470	358	5.37851
470	395	4.02122
470	396	4.90927
470	402	6.06876
470	408	6.05657
470	425	5.82629
470	443	5.36826
470	444	6.04834
470	447	5.53727
470	450	4.01788
470	453	7.40809
470	474	6.17099
470	481	7.65625
470	485	8.01163
470	507	8.58311
470	508	10.0757
471	9	0.0275666
471	131	2.88762
471	152	0.00173986
471	204	0.773493
471	228	3.8818
471	264	1.94517
471	329	3.23364
471	334	2.33785
471	350	2.80409
471	371	4.14926
471	412	4.1176
471	413	4.72435
471	415	5.04982
471	416	4.90008
471	440	5.72565
471	443	7.1304
471	451	6.07492
471	455	6.04203
471	490	7.01169
471	494	6.737
471	495	6.52745
471	500	10.2305
471	502	8.7744
471	510	7.99389
471	511	11.9266
472	64	1.04939
472	92	3.8701
472	121	0.913619
472	126	2.98402
472	132	2.99552
472	193	3.34494
472	238	5.16498
472	259	4.37439
472	277	1.54385
472	287	6.46384
472	300	5.36725
472	319	5.22284
472	352	3.716
472	361	3.21278
472	367	6.34668
472	414	8.01986
472	418	6.42831
472	427	8.34556
472	444	4.98995
472	447	4.53679
472	458	5.84779
472	488	5.82283
472	489	7.15741
472	504	7.75109
472	508	9.531
473	32	2.12029
473	73	2.51117
473	187	0.707275
473	189	2.84547
473	202	4.79844
473	248	1.96253
473	252	3.16139
473	254	2.82175
473	257	5.80347
473	259	4.05255
473	302	3.87731
473	311	2.76349
473	341	5.19496
473	361	6.08034
473	370	6.11165
473	381	5.08638
473	409	4.28465
473	431	8.07683
473	433	3.22516
473	452	4.27082
473	458	9.09692
473	486	8.63357
473	488	6.5668
473	509	10.9774
473	512	9.97408
474	2	1.19362
474	38	0.550517
474	75	0.513746
474	95	0.787915
474	164	3.07889
474	205	1.39467
474	234	1.21622
474	237	2.18172
474	308	2.12333
474	329	3.12931
474	415	7.37137
474	454	4.76272
474	455	5.93771
474	462	5.80808
474	467	4.6224
474	470	6.17099
474	477	7.43838
474	492	7.34127
474	495	8.08167
474	497	7.71052
474	499	7.88169
474	500	7.89623
474	504	8.66953
474	508	8.71477
474	509	9.58652
474	512	8.41389
475	32	0.781539
475	151	2.9204
475	183	1.99178
475	204	3.81629
475	210	5.77066
475	241	2.77001
475	248	2.27625
475	270	3.64346
475	295	2.61084
475	296	3.32218
475	336	4.5063
475	374	6.22904
475	377	5.32035
475	380	5.47991
475	411	6.07616
475	426	7.03124
475	450	4.07511
475	455	7.81164
475	456	5.589
475	460	5.63321
475	468	5.96351
475	478	7.38811
475	480	7.06689
475	485	7.75302
475	497	8.48903
475	501	8.25995
476	25	0.791401
476	74	0.791401
476	151	1.64166
476	208	3.14366
476	215	4.02731
476	221	3.3458
476	229	2.38243
476	235	3.39548
476	286	3.98794
476	301	4.57858
476	316	3.30936
476	346	4.11894
476	347	2.48133
476	386	5.44899
476	388	4.51127
476	403	3.46617
476	418	6.89351
476	433	6.14992
476	438	6.61884
476	479	6.26412
476	485	6.97755
476	490	9.37981
476	498	9.2215
476	499	7.50042
476	501	8.67057
476	502	11.0989
476	511	10.1024
477	14	1.56122
477	33	3.06573
477	85	1.77135
477	94	3.66484
477	97	2.63449
477	99	2.80178
477	159	2.10431
477	234	2.86028
477	297	2.79634
477	300	5.13476
477	316	2.4934
477	337	4.33459
477	375	4.79368
477	385	4.48725
477	404	4.92799
477	405	4.90654
477	411	7.28632
477	421	5.47821
477	428	7.53827
477	435	6.20141
477	438	5.6162
477	446	6.05243
477	474	7.43838
477	492	9.345
477	493	9.00086
477	494	9.44497
477	496	9.45053
477	501	10.972
478	4	2.7048
478	39	2.41035
478	178	0.84096
478	189	1.57309
478	223	3.05815
478	227	2.92019
478	296	3.39268
478	325	3.73799
478	353	3.64237
478	362	5.16094
478	379	4.08998
478	389	4.64169
478	400	5.18162
478	412	5.14116
478	452	6.63791
478	457	5.5503
478	458	6.15945
478	460	5.70372
478	461	6.04902
478	475	7.38811
478	479	6.60938
478	480	7.1374
478	482	7.26668
478	483	6.62332
478	485	7.82352
478	499	7.84569
478	501	8.33045
478	509	10.545
479	8	1.80083
479	24	1.80083
479	73	3.25894
479	108	2.1739
479	116	1.80083
479	145	2.5982
479	192	5.59323
479	202	3.3256
479	262	3.60385
479	269	3.44696
479	303	3.5614
479	306	3.8558
479	336	3.75959
479	345	7.54029
479	356	4.96702
479	359	4.99492
479	379	4.08933
479	393	7.99634
479	395	5.49526
479	427	3.35193
479	461	4.9462
479	476	6.26412
479	478	6.60938
479	489	11.3751
479	493	8.14394
479	501	9.01518
479	502	9.7973
479	507	13.0028
480	21	1.65694
480	79	3.13822
480	135	1.41306
480	137	4.94351
480	147	2.38688
480	151	2.66969
480	255	4.62391
480	258	4.56599
480	259	5.20854
480	273	3.15457
480	279	3.67081
480	341	4.73019
480	354	5.38204
480	363	5.38598
480	373	5.75904
480	377	5.06964
480	380	5.2292
480	395	7.08422
480	403	5.39974
480	426	7.87349
480	428	5.92643
480	452	6.31669
480	461	5.72781
480	475	7.06689
480	478	7.1374
480	485	7.50231
480	501	8.00924
480	512	11.1301
481	8	2.58452
481	54	4.04297
481	95	2.54443
481	118	2.54443
481	127	2.20686
481	166	5.63896
481	188	5.63156
481	190	2.49973
481	191	0.671349
481	196	5.63328
481	198	3.02011
481	199	3.22308
481	209	4.21829
481	230	4.1043
481	233	1.86066
481	258	5.06089
481	295	4.9631
481	316	4.01201
481	333	5.14203
481	406	11.7752
481	426	6.64257
481	439	12.0218
481	446	5.45731
481	461	5.30425
481	470	7.65625
481	487	9.00116
481	511	10.805
481	512	9.89915
482	123	1.07659
482	146	2.60261
482	157	3.21137
482	194	3.95648
482	213	2.14018
482	251	3.3609
482	282	3.42672
482	307	4.89871
482	331	6.48795
482	338	3.21499
482	384	4.0421
482	395	3.92365
482	396	4.8117
482	407	6.25031
482	419	5.20682
482	421	6.19221
482	424	5.38583
482	429	5.4661
482	437	5.10582
482	444	5.95076
482	449	6.43757
482	453	7.31052
482	460	6.45381
482	463	6.65275
482	478	7.26668
482	488	8.63179
482	504	8.71938
482	508	9.97812
483	7	4.00463
483	31	3.31675
483	89	3.81952
483	105	2.60188
483	147	3.90027
483	181	4.19147
483	186	5.59287
483	216	3.78046
483	233	5.74236
483	271	5.42609
483	272	5.74932
483	296	3.91474
483	323	7.42439
483	325	8.78548
483	360	3.2286
483	362	5.16004
483	367	3.8558
483	369	7.34738
483	381	4.66734
483	405	3.23927
483	435	10.2216
483	439	3.55184
483	447	4.86173
483	461	4.96014
483	465	7.11441
483	478	6.62332
483	491	7.75274
483	494	7.77383
483	495	7.56428
484	104	2.91833
484	140	2.11354
484	206	1.97313
484	217	3.8311
484	226	3.61815
484	227	3.68272
484	232	1.77693
484	261	4.78392
484	264	3.73126
484	276	4.2185
484	318	3.80758
484	323	5.39175
484	330	2.96945
484	342	3.14381
484	366	4.11304
484	368	7.94332
484	388	5.94459
484	392	6.24505
484	400	4.70903
484	433	3.55537
484	440	5.71074
484	450	8.64029
484	453	7.19798
484	465	8.72965
484	490	8.79778
484	492	8.15131
484	497	8.50552
484	499	8.60822
484	505	11.3629
485	21	2.34306
485	86	2.88728
485	125	3.31448
485	233	2.21604
485	273	3.84069
485	275	2.48296
485	295	3.04626
485	327	3.55933
485	353	4.00728
485	359	5.73868
485	360	3.92809
485	381	4.86992
485	389	5.0066
485	425	6.25204
485	427	4.06536
485	430	5.47139
485	431	6.49848
485	436	6.03149
485	438	7.67687
485	443	5.39221
485	448	7.75235
485	452	7.00282
485	460	6.06863
485	470	8.01163
485	475	7.75302
485	476	6.97755
485	478	7.82352
485	480	7.50231
485	492	8.10155
485	501	8.69537
486	12	3.14011
486	42	3.22144
486	52	3.39007
486	64	2.95225
486	131	3.84167
486	183	3.15358
486	205	3.37632
486	209	2.50491
486	240	4.21652
486	241	3.9318
486	256	3.78194
486	295	3.77264
486	296	4.48398
486	311	3.92237
486	340	3.68081
486	358	4.04773
486	366	5.69026
486	381	5.59631
486	392	6.41523
486	416	7.75264
486	425	7.13047
486	448	8.47874
486	456	6.43415
486	457	7.14151
486	460	6.79501
486	461	7.14031
486	473	8.63357
486	500	10.6153
486	501	9.42175
486	504	9.65394
487	29	3.80407
487	35	2.95249
487	112	3.99137
487	117	0.285776
487	129	0.00440535
487	143	1.08086
487	168	2.87159
487	169	3.12869
487	174	1.08086
487	196	5.02396
487	197	2.22361
487	232	4.99658
487	245	1.96136
487	266	1.07302
487	277	3.88924
487	361	5.55817
487	378	4.22354
487	405	5.25973
487	407	5.19583
487	419	5.48936
487	422	4.58322
487	450	5.3628
487	455	9.05754
487	456	6.87668
487	466	9.60284
487	469	10.8903
487	481	9.00116
487	498	10.8425
487	506	15.7782
487	507	9.92802
487	512	16.5986
488	39	1.82207
488	81	2.40949
488	82	3.88664
488	83	2.33118
488	102	3.33642
488	193	2.465
488	235	4.14166
488	264	2.49317
488	321	4.42468
488	348	3.90505
488	358	6.19743
488	383	5.08158
488	412	6.21723
488	415	8.02369
488	421	5.06
488	423	4.61276
488	424	6.30232
488	425	6.6452
488	429	6.38259
488	437	6.02231
488	442	6.16995
488	454	7.53688
488	459	5.50754
488	462	6.73948
488	464	6.17595
488	472	5.82283
488	473	6.5668
488	482	8.63179
488	496	8.25284
488	508	10.8946
488	510	8.54188
489	13	1.3696
489	87	2.99302
489	149	0.751612
489	162	1.93953
489	190	5.56032
489	214	1.29548
489	227	2.82035
489	243	3.10687
489	246	2.8281
489	269	2.09544
489	270	3.75643
489	286	4.04332
489	299	5.02095
489	301	2.64497
489	326	6.07201
489	328	2.66095
489	340	5.3708
489	345	6.18876
489	374	5.14073
489	393	6.64482
489	420	6.42175
489	452	4.69752
489	468	6.07648
489	472	7.15741
489	479	11.3751
489	491	11.7789
489	494	8.61957
489	496	9.58742
489	503	11.7339
489	504	8.92176
489	507	11.6513
489	508	10.7017
490	56	1.14149
490	78	0.794643
490	92	3.41133
490	148	1.93658
490	191	1.93658
490	212	3.52585
490	213	4.30489
490	247	4.73242
490	263	4.70162
490	277	3.2807
490	280	4.70827
490	286	4.68816
490	317	6.25965
490	347	4.25179
490	356	4.6538
490	360	4.64051
490	379	6.20962
490	386	6.14921
490	405	4.65119
490	435	5.67039
490	436	6.74392
490	444	6.72681
490	456	6.26815
490	457	6.9755
490	463	9.11603
490	467	7.31283
490	471	7.01169
490	476	9.37981
490	484	8.79778
490	498	9.92172
490	502	11.7991
490	507	9.31949
491	5	2.37785
491	8	2.20463
491	24	2.20463
491	28	3.99288
491	85	2.02421
491	116	2.20463
491	145	3.002
491	197	2.85976
491	210	3.95273
491	214	3.0508
491	224	3.63811
491	225	3.3927
491	239	6.47021
491	271	2.43679
491	300	4.30796
491	301	4.4003
491	319	4.06472
491	356	5.37082
491	377	3.58506
491	382	7.73935
491	384	6.31309
491	409	4.98174
491	419	5.67959
491	445	9.34855
491	453	7.56486
491	483	7.75274
491	489	11.7789
491	494	8.88997
491	495	8.68041
491	496	9.85782
491	503	13.4892
491	507	13.4066
492	74	0.471259
492	114	3.72664
492	167	1.24049
492	198	3.56166
492	234	1.94352
492	268	1.32935
492	279	2.46757
492	297	3.90531
492	308	2.85062
492	322	4.29818
492	324	3.24452
492	334	1.9387
492	357	5.21177
492	376	3.75462
492	390	3.74607
492	436	5.40157
492	440	5.72694
492	461	5.7256
492	467	5.3497
492	474	7.34127
492	477	9.345
492	484	8.15131
492	485	8.10155
492	494	8.53929
492	495	8.80897
492	497	8.43781
492	499	8.60899
492	503	8.68326
492	504	9.39683
492	506	9.1572
492	509	10.3138
492	510	10.2403
493	14	2.43878
493	86	3.3609
493	138	3.95336
493	154	2.56868
493	200	2.342
493	203	1.63829
493	231	3.35356
493	273	3.66802
493	292	6.01093
493	297	3.6739
493	316	3.37096
493	324	4.00034
493	337	5.21215
493	346	5.75072
493	358	3.99109
493	360	5.43817
493	372	4.88466
493	375	5.67124
493	399	5.50079
493	405	5.78409
493	421	6.35577
493	430	6.29318
493	438	6.49376
493	446	6.92999
493	447	6.383
493	469	8.9189
493	477	9.00086
493	479	8.14394
493	494	10.3225
493	495	9.08556
493	496	10.3281
493	497	9.27754
493	507	9.42884
494	40	1.99724
494	55	1.99724
494	66	3.36973
494	113	3.91437
494	123	3.35301
494	133	4.30744
494	168	5.20599
494	173	4.10386
494	187	1.42546
494	254	3.18549
494	297	4.11801
494	316	3.81506
494	345	4.45729
494	383	4.76394
494	385	5.80891
494	399	5.94489
494	404	4.12228
494	405	6.2282
494	413	5.45267
494	421	6.79987
494	428	6.73256
494	430	5.90913
494	438	6.93786
494	446	7.37409
494	463	7.14661
494	471	6.737
494	477	9.44497
494	483	7.77383
494	489	8.61957
494	491	8.88997
494	492	8.53929
494	493	10.3225
494	496	10.7722
495	65	3.72961
495	77	1.70605
495	112	3.35093
495	118	2.80786
495	146	2.88693
495	153	5.47887
495	182	3.93184
495	187	2.04265
495	195	2.04265
495	212	2.16408
495	219	2.0961
495	226	1.77642
495	269	4.08725
495	289	4.30441
495	302	4.37437
495	319	3.87626
495	403	4.75239
495	407	6.53463
495	410	4.42727
495	443	5.6204
495	458	7.10041
495	469	8.32531
495	471	6.52745
495	474	8.08167
495	483	7.56428
495	491	8.68041
495	492	8.80897
495	493	9.08556
495	497	9.17821
495	499	9.34939
495	504	10.1372
495	509	11.0542
495	510	10.9807
495	511	11.3886
496	13	2.62894
496	40	2.0028
496	55	2.0028
496	91	3.88928
496	154	3.01835
496	189	3.69145
496	200	2.79167
496	213	3.60189
496	231	3.80323
496	251	3.26772
496	267	4.69442
496	273	4.25182
496	285	3.1501
496	286	5.30266
496	316	3.82062
496	334	5.47977
496	360	5.88783
496	375	6.1209
496	385	5.81447
496	390	7.43388
496	399	5.95045
496	405	6.23376
496	421	6.80543
496	433	4.9112
496	438	6.94342
496	446	7.37965
496	451	9.10227
496	477	9.45053
496	488	8.25284
496	489	9.58742
496	491	9.85782
496	493	10.3281
496	494	10.7722
496	503	10.0229
497	7	3.08137
497	49	2.87424
497	51	1.062
497	181	2.00692
497	212	2.35606
497	217	4.64146
497	219	1.72495
497	220	1.7671
497	268	1.69859
497	310	2.38442
497	338	6.84103
497	339	2.61602
497	362	6.2797
497	387	4.52942
497	390	4.11531
497	398	5.06922
497	420	6.90627
497	436	5.77081
497	443	5.81238
497	449	6.49952
497	460	6.93011
497	462	6.90462
497	467	5.71894
497	474	7.71052
497	475	8.48903
497	484	8.50552
497	492	8.43781
497	493	9.27754
497	495	9.17821
497	499	8.97824
497	504	9.76607
497	507	9.02723
497	509	10.6831
497	510	10.6095
498	10	3.16406
498	66	2.75073
498	82	3.74518
498	110	3.24493
498	111	2.40293
498	130	3.96504
498	144	1.85706
498	156	5.5093
498	162	4.93071
498	208	3.68558
498	214	3.26192
498	221	3.88771
498	250	3.34399
498	280	4.54997
498	311	5.61578
498	314	4.62012
498	324	4.66447
498	339	5.37667
498	345	5.50547
498	369	6.28519
498	386	5.99091
498	387	7.00522
498	393	7.40308
498	402	7.57864
498	404	5.17046
498	418	7.43543
498	433	6.69183
498	434	7.29243
498	463	8.95773
498	466	8.96833
498	476	9.2215
498	487	10.8425
498	490	9.92172
498	502	11.6408
498	506	10.5772
499	29	1.18436
499	31	1.15271
499	43	1.60608
499	124	2.20593
499	167	1.78092
499	220	1.93828
499	288	5.781
499	290	4.38002
499	298	4.10535
499	312	3.11804
499	329	5.49283
499	339	2.7872
499	346	5.45181
499	383	4.84907
499	396	7.16971
499	410	4.2273
499	434	6.00368
499	436	5.94199
499	440	6.18385
499	452	5.07414
499	456	6.07859
499	457	6.78595
499	467	5.89012
499	468	6.45311
499	474	7.88169
499	476	7.50042
499	478	7.84569
499	484	8.60822
499	492	8.60899
499	495	9.34939
499	497	8.97824
499	504	9.93725
499	508	11.0783
499	509	10.8542
499	510	10.7807
500	47	3.90363
500	48	1.15203
500	53	3.89475
500	67	3.62478
500	79	1.15203
500	85	2.2292
500	124	3.38434
500	152	1.94625
500	173	4.76182
500	180	4.8628
500	218	2.8172
500	265	3.77697
500	274	7.65153
500	277	3.78203
500	283	3.68913
500	287	4.60299
500	309	6.15914
500	315	3.90542
500	350	5.14863
500	358	4.87059
500	364	7.09198
500	413	7.06889
500	414	6.5052
500	415	7.39436
500	427	5.76665
500	440	8.07019
500	443	9.47494
500	451	8.41946
500	460	8.21123
500	461	7.36092
500	465	9.51519
500	471	10.2305
500	474	7.89623
500	486	10.6153
500	506	10.7925
500	511	14.2712
501	5	3.99591
501	18	3.04141
501	44	3.54066
501	136	3.02728
501	147	3.20437
501	159	2.55388
501	176	3.0295
501	206	3.61639
501	238	4.9876
501	256	3.56249
501	293	4.296
501	298	4.27994
501	313	5.48105
501	318	5.07486
501	327	4.06626
501	331	5.0523
501	353	4.51421
501	402	5.61777
501	409	6.25812
501	414	6.49693
501	419	6.95597
501	422	4.95527
501	428	7.11949
501	439	5.94434
501	452	7.50975
501	460	6.57556
501	461	6.92086
501	475	8.25995
501	476	8.67057
501	477	10.972
501	478	8.33045
501	479	9.01518
501	480	8.00924
501	485	8.69537
501	486	9.42175
501	509	12.9508
502	25	3.2107
502	32	3.2234
502	56	2.86057
502	74	3.2107
502	83	2.33359
502	88	3.96212
502	100	4.00203
502	104	4.00326
502	115	3.96728
502	117	1.63082
502	124	5.01075
502	144	3.73444
502	148	3.65565
502	187	3.46287
502	191	3.65565
502	197	3.37779
502	216	5.03844
502	223	5.07053
502	229	4.80173
502	240	5.10435
502	241	5.96143
502	275	4.9581
502	346	6.53824
502	370	7.26384
502	379	7.9287
502	400	8.36953
502	432	8.8813
502	433	8.56921
502	443	7.86736
502	444	8.48952
502	454	9.07851
502	471	8.7744
502	476	11.0989
502	479	9.7973
502	490	11.7991
502	498	11.6408
502	512	12.7297
503	63	3.99117
503	85	1.97914
503	95	3.21027
503	149	2.46187
503	150	3.29592
503	162	3.64979
503	163	4.70869
503	214	3.00573
503	227	4.5306
503	257	4.17185
503	264	4.39337
503	284	1.93907
503	303	3.92013
503	322	4.81393
503	328	4.37121
503	329	6.21883
503	340	7.08105
503	352	6.33311
503	359	5.35365
503	365	6.35113
503	371	5.44493
503	374	6.85098
503	378	5.91868
503	384	6.26802
503	386	5.28406
503	392	6.77699
503	420	8.13201
503	432	6.09802
503	442	7.93999
503	446	6.39441
503	450	4.62354
503	489	11.7339
503	491	13.4892
503	492	8.68326
503	496	10.0229
503	507	13.3615
503	508	11.1371
503	510	10.3119
504	43	2.39391
504	77	2.29391
504	100	3.27178
504	167	2.56875
504	218	3.5867
504	226	2.36429
504	231	2.72235
504	268	2.6576
504	289	4.89227
504	291	5.19546
504	297	4.57927
504	298	4.3224
504	318	4.12177
504	334	3.26696
504	339	3.57504
504	363	5.25038
504	383	5.06613
504	389	6.72967
504	390	5.07432
504	408	5.35788
504	410	5.01513
504	429	7.1166
504	436	6.72983
504	450	4.78176
504	458	7.61215
504	462	7.86364
504	467	6.67796
504	472	7.75109
504	474	8.66953
504	482	8.71938
504	486	9.65394
504	489	8.92176
504	492	9.39683
504	495	10.1372
504	497	9.76607
504	499	9.93725
504	506	9.83116
504	509	11.6421
504	510	11.5685
504	511	11.9003
505	15	1.90897
505	25	4.00257
505	31	2.84765
505	46	4.00638
505	89	4.00218
505	120	4.007
505	150	5.59418
505	159	4.15807
505	174	2.88124
505	176	4.15807
505	232	4.10453
505	249	6.693
505	253	2.1857
505	279	4.61942
505	285	3.96232
505	305	6.06707
505	310	5.0833
505	318	6.13517
505	330	5.29704
505	342	5.47141
505	349	7.67115
505	357	7.61427
505	365	8.2034
505	366	6.44063
505	373	7.10132
505	388	8.27218
505	398	6.86686
505	400	7.03662
505	413	7.23274
505	417	8.35285
505	422	5.48006
505	423	8.0189
505	446	8.03051
505	449	8.29716
505	450	10.9679
505	465	11.0572
505	467	8.81821
505	468	8.14804
505	484	11.3629
505	507	10.8249
506	17	1.26904
506	19	4.01054
506	42	1.5966
506	59	1.5966
506	62	4.00924
506	68	1.5966
506	72	1.5966
506	129	2.39269
506	160	3.76595
506	185	2.39169
506	188	3.05401
506	233	3.27169
506	243	3.27341
506	246	3.7375
506	266	3.69109
506	284	2.41301
506	292	5.25973
506	330	5.98727
506	348	6.51707
506	360	4.98373
506	361	5.29285
506	367	5.61093
506	371	5.91887
506	372	7.89733
506	378	6.8416
506	396	7.70248
506	406	7.50374
506	407	7.8139
506	419	8.10742
506	431	7.55413
506	452	5.60692
506	454	7.65901
506	455	11.6756
506	466	12.2209
506	468	6.98588
506	469	13.5084
506	487	15.7782
506	492	9.1572
506	498	10.5772
506	500	10.7925
506	504	9.83116
506	509	12.3135
506	512	19.2167
507	38	3.17816
507	60	1.41621
507	149	2.37925
507	157	5.29741
507	197	2.73207
507	225	3.54754
507	262	3.87996
507	264	4.31076
507	269	3.72307
507	301	4.27261
507	303	3.83752
507	311	3.61541
507	328	4.28859
507	329	6.13621
507	333	5.68444
507	352	6.2505
507	356	5.24313
507	359	5.27103
507	364	7.24902
507	374	6.76836
507	378	5.90844
507	382	7.61166
507	384	6.1854
507	385	5.69783
507	393	8.27246
507	403	5.09568
507	419	5.83443
507	420	8.04939
507	422	3.83373
507	433	4.07709
507	441	7.60715
507	453	7.71969
507	466	8.05389
507	470	8.58311
507	479	13.0028
507	487	9.92802
507	489	11.6513
507	490	9.31949
507	491	13.4066
507	493	9.42884
507	497	9.02723
507	503	13.3615
507	505	10.8249
507	510	10.3017
508	17	2.73323
508	35	3.3338
508	40	2.94159
508	70	4.00934
508	72	2.8133
508	106	4.00585
508	107	3.80978
508	119	3.85616
508	123	3.33942
508	128	4.56269
508	153	5.45381
508	178	4.47395
508	208	4.48715
508	244	4.70017
508	262	6.83655
508	282	5.68955
508	320	6.48592
508	321	5.77102
508	338	5.47781
508	347	6.88069
508	372	6.58272
508	373	7.33746
508	377	5.68825
508	383	6.42792
508	395	6.18647
508	404	7.36293
508	408	8.22182
508	424	7.64866
508	427	6.5852
508	436	8.55133
508	437	7.36865
508	439	6.77116
508	444	8.21359
508	447	8.08105
508	454	8.88322
508	461	8.17947
508	470	10.0757
508	472	9.531
508	474	8.71477
508	482	9.97812
508	488	10.8946
508	489	10.7017
508	499	11.0783
508	503	11.1371
509	26	3.88887
509	27	2.60616
509	34	2.03679
509	51	2.93801
509	62	3.85392
509	69	3.02714
509	75	3.48629
509	117	2.37791
509	135	3.75976
509	148	3.51392
509	149	4.71948
509	187	3.54751
509	195	3.54751
509	209	4.84872
509	220	3.64311
509	234	4.18877
509	253	3.19013
509	266	7.23591
509	268	3.5746
509	310	4.26042
509	314	6.35644
509	317	7.2735
509	334	4.18395
509	342	6.98647
509	351	8.37027
509	377	6.39065
509	410	5.93212
509	423	9.02333
509	433	6.72785
509	434	7.70851
509	440	8.88321
509	462	8.78063
509	467	7.59495
509	473	10.9774
509	474	9.58652
509	478	10.545
509	492	10.3138
509	495	11.0542
509	497	10.6831
509	499	10.8542
509	501	12.9508
509	504	11.6421
509	506	12.3135
509	510	12.4855
510	29	2.81565
510	34	1.96324
510	38	3.44952
510	101	3.56261
510	142	2.86282
510	219	3.52741
510	226	3.20773
510	237	5.08072
510	242	5.1409
510	250	3.5527
510	271	3.71478
510	299	7.28459
510	308	5.02233
510	310	4.18688
510	334	4.11041
510	335	5.07473
510	339	4.41849
510	347	5.23399
510	356	5.636
510	376	5.38328
510	384	5.79286
510	386	6.39698
510	390	5.91777
510	410	5.85858
510	432	7.21094
510	434	7.63496
510	437	8.95242
510	438	9.3715
510	444	7.70901
510	448	9.33206
510	450	5.73646
510	462	8.70709
510	464	9.05891
510	467	7.52141
510	468	7.62486
510	471	7.99389
510	488	8.54188
510	492	10.2403
510	495	10.9807
510	497	10.6095
510	499	10.7807
510	503	10.3119
510	504	11.5685
510	507	10.3017
510	509	12.4855
511	9	3.97253
511	48	2.84818
511	74	3.53011
511	78	3.20703
511	79	2.84818
511	96	3.96692
511	107	3.76801
511	128	5.17936
511	133	5.1908
511	152	3.64239
511	178	4.67855
511	183	4.87705
511	191	4.15155
511	203	3.94132
511	204	4.81418
511	218	4.51334
511	247	4.12775
511	265	5.47312
511	277	5.47817
511	283	5.38527
511	313	7.29687
511	314	7.14143
511	315	5.32894
511	340	5.92719
511	350	6.84478
511	364	8.78812
511	368	7.9858
511	371	8.18994
511	375	9.14638
511	404	6.80936
511	405	7.06358
511	410	8.57116
511	411	10.768
511	413	8.76504
511	415	9.0905
511	422	6.38707
511	430	8.59621
511	434	8.93132
511	439	7.37614
511	440	9.76633
511	451	10.1156
511	452	7.67608
511	471	11.9266
511	476	10.1024
511	481	10.805
511	495	11.3886
511	500	14.2712
511	504	11.9003
512	42	2.417
512	59	2.417
512	68	2.417
512	72	2.417
512	117	3.72423
512	119	3.93804
512	121	4.15699
512	129	3.21308
512	143	4.51932
512	163	5.59805
512	174	4.51932
512	185	3.21208
512	234	3.83578
512	243	4.09381
512	245	5.39982
512	247	3.22189
512	251	4.08108
512	263	5.52997
512	266	4.51148
512	284	3.57631
512	292	6.08013
512	293	4.82193
512	312	4.81411
512	341	6.0736
512	348	7.33746
512	372	8.71772
512	378	7.662
512	379	7.02171
512	380	7.99245
512	407	8.63429
512	408	6.8369
512	409	6.78405
512	412	8.07288
512	419	8.92782
512	420	8.70505
512	427	6.28431
512	433	5.72456
512	449	8.2983
512	455	12.496
512	464	9.58323
512	466	13.0413
512	469	14.3288
512	473	9.97408
512	474	8.41389
512	480	11.1301
512	481	9.89915
512	487	16.5986
512	502	12.7297
512	506	19.2167
