1	7 
2	27 
3	30 
4	37 
5	25 
6	8 
7	14 
8	23 
9	21 
10	26 
11	37 
12	18 
13	20 
14	38 
15	34 
16	19 
17	29 
18	15 
19	9 
20	23 
21	31 
22	10 
23	19 
24	16 
25	26 
26	16 
27	27 
28	6 
29	23 
30	7 
31	2 
32	24 
33	24 
34	16 
35	30 
36	26 
37	31 
38	34 
39	30 
40	7 
41	8 
42	9 
43	34 
44	1 
45	9 
46	36 
47	38 
48	37 
49	34 
50	17 
51	7 
52	1 
53	32 
54	23 
55	21 
56	31 
57	11 
58	38 
59	28 
60	2 
61	26 
62	11 
63	21 
64	7 
65	19 
66	2 
67	12 
68	5 
69	38 
70	12 
71	30 
72	32 
73	34 
74	14 
75	16 
76	21 
77	21 
78	7 
79	2 
80	38 
81	27 
82	38 
83	36 
84	16 
85	17 
86	19 
87	15 
88	1 
89	37 
90	1 
91	33 
92	19 
93	25 
94	33 
95	30 
96	7 
97	23 
98	26 
99	31 
100	29 
101	6 
102	21 
103	16 
104	1 
105	32 
106	25 
107	38 
108	2 
109	17 
110	17 
111	6 
112	3 
113	7 
114	14 
115	15 
116	23 
117	21 
118	37 
119	5 
120	31 
121	23 
122	36 
123	26 
124	28 
125	18 
126	33 
127	5 
128	25 
129	30 
130	1 
131	16 
132	7 
133	36 
134	6 
135	34 
136	9 
137	38 
138	7 
139	28 
140	3 
141	28 
142	17 
143	31 
144	6 
145	3 
146	36 
147	15 
148	25 
149	11 
150	7 
151	34 
152	17 
153	4 
154	21 
155	19 
156	34 
157	19 
158	26 
159	21 
160	12 
161	31 
162	34 
163	14 
164	37 
165	5 
166	7 
167	19 
168	8 
169	16 
170	14 
171	38 
172	36 
173	7 
174	27 
175	2 
176	16 
177	33 
178	18 
179	18 
180	13 
181	1 
182	27 
183	3 
184	8 
185	33 
186	13 
187	21 
188	30 
189	23 
190	5 
191	21 
192	37 
193	1 
194	2 
195	20 
196	1 
197	9 
198	15 
199	1 
200	21 
201	1 
202	28 
203	26 
204	34 
205	9 
206	17 
207	8 
208	2 
209	9 
210	5 
211	15 
212	18 
213	23 
214	16 
215	24 
216	31 
217	9 
218	32 
219	10 
220	12 
221	17 
222	38 
223	28 
224	8 
225	27 
226	11 
227	37 
228	1 
229	32 
230	25 
231	24 
232	17 
233	14 
234	10 
235	4 
236	38 
237	2 
238	36 
239	21 
240	5 
241	38 
242	23 
243	13 
244	28 
245	16 
246	19 
247	36 
248	20 
249	24 
250	7 
251	30 
252	34 
253	26 
254	12 
255	36 
256	9 
257	37 
258	34 
259	15 
260	29 
261	7 
262	6 
263	28 
264	23 
265	16 
266	26 
267	22 
268	24 
269	1 
270	23 
271	26 
272	17 
273	26 
274	13 
275	33 
276	14 
277	7 
278	11 
279	26 
280	1 
281	8 
282	11 
283	38 
284	23 
285	4 
286	30 
287	33 
288	21 
289	17 
290	30 
291	32 
292	23 
293	2 
294	10 
295	9 
296	21 
297	11 
298	1 
299	6 
300	17 
301	11 
302	28 
303	25 
304	30 
305	7 
306	36 
307	36 
308	8 
309	1 
310	21 
311	5 
312	23 
313	34 
314	28 
315	32 
316	34 
317	15 
318	21 
319	2 
320	28 
321	38 
322	31 
323	33 
324	34 
325	15 
326	21 
327	14 
328	33 
329	9 
330	7 
331	3 
332	4 
333	7 
334	17 
335	36 
336	34 
337	19 
338	33 
339	7 
340	2 
341	1 
342	7 
343	24 
344	1 
345	19 
346	21 
347	32 
348	23 
349	34 
350	27 
351	19 
352	30 
353	35 
354	35 
355	5 
356	14 
357	24 
358	1 
359	2 
360	1 
361	7 
362	9 
363	38 
364	2 
365	7 
366	7 
367	5 
368	27 
369	9 
370	15 
371	1 
372	25 
373	32 
374	37 
375	6 
376	1 
377	18 
378	24 
379	5 
380	14 
381	33 
382	3 
383	27 
384	15 
385	23 
386	37 
387	5 
388	29 
389	37 
390	7 
391	30 
392	12 
393	13 
394	5 
395	34 
396	30 
397	1 
398	19 
399	18 
400	24 
401	9 
402	6 
403	2 
404	1 
405	5 
406	38 
407	26 
408	1 
409	13 
410	10 
411	19 
412	13 
413	19 
414	23 
415	19 
416	15 
417	16 
418	16 
419	7 
420	38 
421	37 
422	9 
423	5 
424	28 
425	7 
426	22 
427	15 
428	6 
429	37 
430	11 
431	37 
432	30 
433	30 
434	31 
435	38 
436	2 
437	19 
438	13 
439	24 
440	13 
441	35 
442	5 
443	29 
444	3 
445	2 
446	17 
447	21 
448	6 
449	32 
450	28 
451	25 
452	36 
453	23 
454	1 
455	6 
456	33 
457	23 
458	28 
459	37 
460	31 
461	15 
462	17 
463	21 
464	25 
465	9 
466	2 
467	12 
468	5 
469	19 
470	32 
471	9 
472	14 
473	7 
474	7 
475	21 
476	16 
477	4 
478	18 
479	5 
480	5 
481	2 
482	3 
483	11 
484	1 
485	1 
486	8 
487	16 
488	14 
489	5 
490	20 
491	25 
492	17 
493	32 
494	21 
495	38 
496	7 
497	38 
498	36 
499	1 
500	7 
501	11 
502	21 
503	23 
504	11 
505	5 
506	19 
507	20 
508	38 
509	34 
510	18 
511	2 
512	33 
513	21 
514	34 
515	21 
516	23 
517	12 
518	21 
519	20 
520	27 
521	20 
522	28 
523	2 
524	7 
525	5 
526	28 
527	27 
528	16 
529	9 
530	34 
531	23 
532	35 
533	36 
534	14 
535	7 
536	37 
537	30 
538	37 
539	19 
540	5 
541	7 
542	29 
543	16 
544	28 
545	12 
546	15 
547	12 
548	22 
549	36 
550	9 
551	5 
552	28 
553	19 
554	17 
555	5 
556	16 
557	2 
558	34 
559	3 
560	19 
561	18 
562	28 
563	15 
564	28 
565	37 
566	29 
567	35 
568	19 
569	17 
570	30 
571	29 
572	29 
573	2 
574	2 
575	16 
576	37 
577	30 
578	31 
579	28 
580	21 
581	38 
582	27 
583	15 
584	8 
585	26 
586	19 
587	4 
588	16 
589	1 
590	18 
591	7 
592	12 
593	31 
594	30 
595	11 
596	34 
597	13 
598	19 
599	5 
600	9 
601	1 
602	34 
603	6 
604	22 
605	16 
606	2 
607	18 
608	28 
609	34 
610	5 
611	26 
612	27 
613	29 
614	16 
615	17 
616	37 
617	21 
618	33 
619	11 
620	16 
621	7 
622	28 
623	38 
624	17 
625	9 
626	7 
627	21 
628	34 
629	22 
630	2 
631	11 
632	2 
633	37 
634	2 
635	33 
636	32 
637	14 
638	34 
639	18 
640	38 
641	23 
642	34 
643	7 
644	11 
645	35 
646	1 
647	26 
648	1 
649	28 
650	17 
651	2 
652	37 
653	5 
654	15 
655	4 
656	33 
657	6 
658	14 
659	6 
660	1 
661	26 
662	14 
663	2 
664	26 
665	23 
666	27 
667	19 
668	26 
669	3 
670	16 
671	18 
672	2 
673	34 
674	27 
675	38 
676	1 
677	1 
678	30 
679	15 
680	19 
681	3 
682	13 
683	12 
684	6 
685	4 
686	28 
687	33 
688	15 
689	35 
690	21 
691	12 
692	26 
693	31 
694	26 
695	26 
696	19 
697	37 
698	16 
699	9 
700	6 
701	38 
702	19 
703	34 
704	37 
705	1 
706	19 
707	1 
708	1 
709	30 
710	1 
711	25 
712	4 
713	7 
714	23 
715	34 
716	14 
717	26 
718	7 
719	8 
720	38 
721	35 
722	9 
723	18 
724	18 
725	1 
726	16 
727	21 
728	30 
729	38 
730	12 
731	11 
732	12 
733	32 
734	34 
735	10 
736	21 
737	17 
738	28 
739	37 
740	26 
741	13 
742	6 
743	7 
744	17 
745	37 
746	34 
747	19 
748	34 
749	23 
750	34 
751	3 
752	13 
753	7 
754	11 
755	28 
756	5 
757	21 
758	29 
759	11 
760	34 
761	24 
762	37 
763	6 
764	5 
765	13 
766	18 
767	38 
768	8 
769	32 
770	28 
771	7 
772	5 
773	37 
774	21 
775	24 
776	32 
777	22 
778	17 
779	28 
780	31 
781	1 
782	37 
783	11 
784	19 
785	28 
786	27 
787	8 
788	20 
789	16 
790	22 
791	25 
792	14 
793	17 
794	8 
795	5 
796	15 
797	29 
798	2 
799	5 
800	20 
801	15 
802	7 
803	20 
804	1 
805	37 
806	4 
807	26 
808	33 
809	6 
810	11 
811	34 
812	26 
813	18 
814	38 
815	3 
816	2 
817	13 
818	15 
819	14 
820	34 
821	10 
822	8 
823	16 
824	24 
825	14 
826	7 
827	27 
828	5 
829	2 
830	28 
831	9 
832	3 
833	36 
834	22 
835	25 
836	23 
837	36 
838	34 
839	18 
840	4 
841	18 
842	18 
843	21 
844	15 
845	14 
846	23 
847	9 
848	18 
849	29 
850	21 
851	9 
852	30 
853	9 
854	1 
855	30 
856	36 
857	37 
858	17 
859	9 
860	23 
861	11 
862	30 
863	29 
864	16 
865	23 
866	7 
867	10 
868	36 
869	16 
870	26 
871	33 
872	5 
873	2 
874	13 
875	19 
876	5 
877	25 
878	33 
879	21 
880	28 
881	14 
882	30 
883	16 
884	28 
885	37 
886	17 
887	28 
888	16 
889	11 
890	31 
891	28 
892	38 
893	16 
894	16 
895	38 
896	30 
897	8 
898	25 
899	2 
900	21 
901	34 
902	17 
903	25 
904	8 
905	21 
906	36 
907	37 
908	38 
909	6 
910	30 
911	29 
912	38 
913	15 
914	34 
915	11 
916	23 
917	7 
918	18 
919	24 
920	2 
921	34 
922	34 
923	37 
924	11 
925	38 
926	7 
927	17 
928	14 
929	2 
930	18 
931	11 
932	24 
933	2 
934	16 
935	15 
936	13 
937	34 
938	15 
939	1 
940	31 
941	9 
942	36 
943	23 
944	30 
945	1 
946	2 
947	12 
948	21 
949	23 
950	12 
951	1 
952	20 
953	5 
954	26 
955	10 
956	30 
957	27 
958	38 
959	15 
960	30 
961	38 
962	7 
963	30 
964	21 
965	8 
966	26 
967	38 
968	1 
969	18 
970	34 
971	1 
972	21 
973	36 
974	34 
975	10 
976	2 
977	2 
978	5 
979	11 
980	2 
981	26 
982	18 
983	13 
984	29 
985	25 
986	17 
987	11 
988	26 
989	38 
990	10 
991	6 
992	7 
993	18 
994	1 
995	23 
996	21 
997	1 
998	1 
999	5 
1000	12 
1001	37 
1002	19 
1003	19 
1004	13 
1005	1 
1006	18 
1007	13 
1008	10 
1009	38 
1010	19 
1011	33 
1012	12 
1013	25 
1014	18 
1015	38 
1016	23 
1017	33 
1018	5 
1019	7 
1020	25 
1021	25 
1022	11 
1023	6 
1024	37 
1025	25 
1026	1 
1027	21 
1028	3 
1029	11 
1030	11 
1031	23 
1032	14 
1033	1 
1034	16 
1035	7 
1036	10 
1037	5 
1038	6 
1039	30 
1040	19 
1041	16 
1042	12 
1043	13 
1044	2 
1045	16 
1046	19 
1047	3 
1048	18 
1049	11 
1050	15 
1051	8 
1052	28 
1053	2 
1054	21 
1055	34 
1056	16 
1057	33 
1058	26 
1059	5 
1060	5 
1061	27 
1062	10 
1063	23 
1064	28 
1065	38 
1066	23 
1067	28 
1068	4 
1069	38 
1070	12 
1071	25 
1072	13 
1073	7 
1074	5 
1075	22 
1076	34 
1077	16 
1078	1 
1079	15 
1080	1 
1081	38 
1082	2 
1083	37 
1084	38 
1085	7 
1086	14 
1087	37 
1088	16 
1089	15 
1090	34 
1091	25 
1092	32 
1093	23 
1094	33 
1095	5 
1096	5 
1097	34 
1098	25 
1099	1 
1100	1 
1101	17 
1102	25 
1103	27 
1104	17 
1105	19 
1106	37 
1107	25 
1108	1 
1109	2 
1110	5 
1111	28 
1112	30 
1113	9 
1114	20 
1115	1 
1116	38 
1117	7 
1118	1 
1119	36 
1120	37 
1121	19 
1122	5 
1123	34 
1124	9 
1125	2 
1126	28 
1127	23 
1128	1 
1129	25 
1130	2 
1131	30 
1132	38 
1133	37 
1134	30 
1135	21 
1136	3 
1137	1 
1138	32 
1139	10 
1140	11 
1141	24 
1142	37 
1143	6 
1144	19 
1145	35 
1146	6 
1147	23 
1148	28 
1149	11 
1150	23 
1151	2 
1152	5 
1153	13 
1154	17 
1155	8 
1156	19 
1157	1 
1158	2 
1159	5 
1160	1 
1161	12 
1162	32 
1163	7 
1164	23 
1165	15 
1166	30 
1167	1 
1168	21 
1169	5 
1170	28 
1171	1 
1172	1 
1173	10 
1174	21 
1175	21 
1176	26 
1177	36 
1178	11 
1179	19 
1180	22 
1181	24 
1182	29 
1183	30 
1184	19 
1185	28 
1186	10 
1187	2 
1188	16 
1189	28 
1190	16 
1191	11 
1192	2 
1193	28 
1194	1 
1195	30 
1196	23 
1197	31 
1198	1 
1199	25 
1200	23 
1201	15 
1202	19 
1203	34 
1204	7 
1205	2 
1206	7 
1207	24 
1208	19 
1209	5 
1210	21 
1211	15 
1212	1 
1213	37 
1214	15 
1215	27 
1216	37 
1217	2 
1218	16 
1219	19 
1220	30 
1221	25 
1222	24 
1223	1 
1224	38 
1225	29 
1226	6 
1227	28 
1228	21 
1229	23 
1230	21 
1231	12 
1232	15 
1233	38 
1234	27 
1235	29 
1236	24 
1237	2 
1238	36 
1239	26 
1240	32 
1241	21 
1242	9 
1243	13 
1244	32 
1245	26 
1246	2 
1247	21 
1248	2 
1249	21 
1250	22 
1251	6 
1252	29 
1253	36 
1254	19 
1255	29 
1256	27 
1257	5 
1258	36 
1259	21 
1260	15 
1261	19 
1262	13 
1263	30 
1264	3 
1265	20 
1266	21 
1267	28 
1268	18 
1269	11 
1270	37 
1271	25 
1272	25 
1273	26 
1274	25 
1275	37 
1276	13 
1277	30 
1278	1 
1279	38 
1280	28 
1281	6 
1282	15 
1283	14 
1284	8 
1285	31 
1286	25 
1287	37 
1288	28 
1289	5 
1290	7 
1291	23 
1292	10 
1293	18 
1294	21 
1295	10 
1296	31 
1297	14 
1298	26 
1299	37 
1300	30 
1301	27 
1302	16 
1303	25 
1304	17 
1305	28 
1306	27 
1307	37 
1308	19 
1309	19 
1310	38 
1311	33 
1312	3 
1313	3 
1314	28 
1315	9 
1316	10 
1317	19 
1318	5 
1319	7 
1320	7 
1321	11 
1322	5 
1323	34 
1324	17 
1325	37 
1326	25 
1327	29 
1328	19 
1329	23 
1330	2 
1331	36 
1332	24 
1333	18 
1334	21 
1335	11 
1336	25 
1337	1 
1338	37 
1339	3 
1340	5 
1341	37 
1342	1 
1343	37 
1344	14 
1345	15 
1346	36 
1347	30 
1348	16 
1349	22 
1350	28 
1351	34 
1352	11 
1353	9 
1354	13 
1355	32 
1356	2 
1357	5 
1358	36 
1359	31 
1360	14 
1361	2 
1362	27 
1363	6 
1364	5 
1365	7 
1366	10 
1367	22 
1368	5 
1369	21 
1370	34 
1371	28 
1372	9 
1373	25 
1374	27 
1375	5 
1376	25 
1377	18 
1378	37 
1379	25 
1380	2 
1381	34 
1382	5 
1383	29 
1384	4 
1385	6 
1386	30 
1387	37 
1388	6 
1389	30 
1390	36 
1391	27 
1392	38 
1393	19 
1394	12 
1395	33 
1396	32 
1397	19 
1398	32 
1399	7 
1400	5 
1401	19 
1402	32 
1403	28 
1404	11 
1405	33 
1406	12 
1407	18 
1408	26 
1409	36 
1410	9 
1411	5 
1412	9 
1413	19 
1414	30 
1415	17 
1416	14 
1417	36 
1418	38 
1419	32 
1420	29 
1421	10 
1422	26 
1423	20 
1424	27 
1425	4 
1426	1 
1427	12 
1428	12 
1429	23 
1430	7 
1431	17 
1432	1 
1433	15 
1434	26 
1435	7 
1436	2 
1437	8 
1438	10 
1439	33 
1440	21 
1441	25 
1442	15 
1443	9 
1444	12 
1445	2 
1446	34 
1447	5 
1448	38 
1449	15 
1450	23 
1451	18 
1452	27 
1453	16 
1454	11 
1455	37 
1456	16 
1457	2 
1458	38 
1459	2 
1460	22 
1461	15 
1462	16 
1463	38 
1464	18 
1465	29 
1466	37 
1467	1 
1468	5 
1469	5 
1470	11 
1471	22 
1472	24 
1473	8 
1474	32 
1475	15 
1476	7 
1477	13 
1478	15 
1479	7 
1480	28 
1481	27 
1482	1 
1483	9 
1484	19 
1485	9 
1486	7 
1487	8 
1488	19 
1489	29 
1490	14 
1491	23 
1492	7 
1493	34 
1494	22 
1495	13 
1496	7 
1497	19 
1498	30 
1499	19 
1500	6 
1501	12 
1502	23 
1503	23 
1504	8 
1505	17 
1506	19 
1507	11 
1508	1 
1509	9 
1510	36 
1511	37 
1512	38 
1513	6 
1514	7 
1515	31 
1516	2 
1517	31 
1518	5 
1519	32 
1520	34 
1521	11 
1522	16 
1523	33 
1524	25 
1525	30 
1526	18 
1527	2 
1528	1 
1529	31 
1530	5 
1531	33 
1532	17 
1533	20 
1534	1 
1535	13 
1536	34 
1537	21 
1538	36 
1539	34 
1540	23 
1541	2 
1542	24 
1543	4 
1544	31 
1545	29 
1546	15 
1547	17 
1548	21 
1549	25 
1550	24 
1551	19 
1552	2 
1553	14 
1554	1 
1555	38 
1556	14 
1557	12 
1558	23 
1559	16 
1560	13 
1561	34 
1562	16 
1563	25 
1564	23 
1565	6 
1566	1 
1567	27 
1568	11 
1569	13 
1570	19 
1571	26 
1572	21 
1573	7 
1574	32 
1575	19 
1576	1 
1577	37 
1578	37 
1579	37 
1580	19 
1581	21 
1582	34 
1583	3 
1584	9 
1585	36 
1586	7 
1587	17 
1588	7 
1589	1 
1590	16 
1591	16 
1592	22 
1593	21 
1594	7 
1595	23 
1596	16 
1597	17 
1598	21 
1599	34 
1600	19 
1601	34 
1602	38 
1603	37 
1604	28 
1605	15 
1606	17 
1607	19 
1608	27 
1609	5 
1610	37 
1611	38 
1612	5 
1613	9 
1614	38 
1615	16 
1616	6 
1617	18 
1618	35 
1619	19 
1620	2 
1621	23 
1622	16 
1623	6 
1624	32 
1625	21 
1626	34 
1627	27 
1628	21 
1629	36 
1630	11 
1631	38 
1632	16 
1633	24 
1634	20 
1635	34 
1636	36 
1637	6 
1638	27 
1639	16 
1640	31 
1641	1 
1642	36 
1643	10 
1644	1 
1645	35 
1646	36 
1647	38 
1648	2 
1649	23 
1650	15 
1651	1 
1652	26 
1653	19 
1654	36 
1655	28 
1656	5 
1657	5 
1658	36 
1659	36 
1660	5 
1661	37 
1662	19 
1663	2 
1664	2 
1665	2 
1666	1 
1667	29 
1668	15 
1669	22 
1670	18 
1671	11 
1672	7 
1673	16 
1674	21 
1675	7 
1676	2 
1677	17 
1678	34 
1679	38 
1680	13 
1681	38 
1682	6 
1683	19 
1684	37 
1685	27 
1686	1 
1687	4 
1688	24 
1689	1 
1690	11 
1691	33 
1692	38 
1693	17 
1694	21 
1695	4 
1696	34 
1697	21 
1698	16 
1699	36 
1700	32 
1701	11 
1702	27 
1703	30 
1704	21 
1705	2 
1706	7 
1707	5 
1708	11 
1709	26 
1710	1 
1711	23 
1712	19 
1713	7 
1714	14 
1715	34 
1716	9 
1717	36 
1718	25 
1719	18 
1720	13 
1721	25 
1722	5 
1723	6 
1724	28 
1725	4 
1726	19 
1727	30 
1728	7 
1729	38 
1730	3 
1731	1 
1732	18 
1733	33 
1734	2 
1735	27 
1736	15 
1737	3 
1738	6 
1739	1 
1740	21 
1741	9 
1742	17 
1743	38 
1744	30 
1745	2 
1746	21 
1747	38 
1748	30 
1749	38 
1750	26 
1751	4 
1752	1 
1753	3 
1754	19 
1755	38 
1756	23 
1757	25 
1758	19 
1759	3 
1760	29 
1761	6 
1762	28 
1763	7 
1764	7 
1765	7 
1766	19 
1767	3 
1768	14 
1769	13 
1770	2 
1771	21 
1772	16 
1773	34 
1774	3 
1775	34 
1776	5 
1777	5 
1778	27 
1779	15 
1780	34 
1781	7 
1782	21 
1783	18 
1784	12 
1785	1 
1786	25 
1787	1 
1788	8 
1789	38 
1790	5 
1791	12 
1792	31 
1793	19 
1794	31 
1795	28 
1796	1 
1797	6 
1798	28 
1799	5 
1800	2 
1801	16 
1802	30 
1803	37 
1804	38 
1805	19 
1806	8 
1807	25 
1808	34 
1809	38 
1810	16 
1811	29 
1812	38 
1813	30 
1814	2 
1815	15 
1816	2 
1817	27 
1818	37 
1819	38 
1820	14 
1821	9 
1822	38 
1823	28 
1824	1 
1825	26 
1826	35 
1827	8 
1828	3 
1829	11 
1830	18 
1831	13 
1832	11 
1833	30 
1834	2 
1835	36 
1836	31 
1837	36 
1838	9 
1839	2 
1840	9 
1841	1 
1842	37 
1843	5 
1844	1 
1845	19 
1846	18 
1847	2 
1848	5 
1849	26 
1850	3 
1851	26 
1852	27 
1853	38 
1854	36 
1855	7 
1856	8 
1857	33 
1858	36 
1859	15 
1860	11 
1861	1 
1862	34 
1863	3 
1864	16 
1865	34 
1866	37 
1867	32 
1868	28 
1869	17 
1870	19 
1871	15 
1872	30 
1873	21 
1874	1 
1875	10 
1876	16 
1877	17 
1878	18 
1879	34 
1880	1 
1881	35 
1882	21 
1883	6 
1884	5 
1885	36 
1886	14 
1887	30 
1888	15 
1889	34 
1890	35 
1891	24 
1892	21 
1893	29 
1894	10 
1895	15 
1896	1 
1897	21 
1898	4 
1899	23 
1900	1 
1901	6 
1902	33 
1903	19 
1904	1 
1905	9 
1906	3 
1907	15 
1908	4 
1909	21 
1910	21 
1911	1 
1912	15 
1913	19 
1914	7 
1915	33 
1916	38 
1917	3 
1918	38 
1919	36 
1920	2 
1921	29 
1922	31 
1923	15 
1924	21 
1925	5 
1926	11 
1927	5 
1928	15 
1929	29 
1930	26 
1931	12 
1932	19 
1933	10 
1934	2 
1935	16 
1936	14 
1937	6 
1938	21 
1939	11 
1940	21 
1941	2 
1942	19 
1943	21 
1944	6 
1945	9 
1946	25 
1947	16 
1948	11 
1949	26 
1950	15 
1951	17 
1952	21 
1953	28 
1954	26 
1955	32 
1956	15 
1957	15 
1958	8 
1959	16 
1960	26 
1961	9 
1962	16 
1963	34 
1964	1 
1965	14 
1966	29 
1967	19 
1968	19 
1969	24 
1970	6 
1971	5 
1972	1 
1973	38 
1974	25 
1975	2 
1976	33 
1977	26 
1978	10 
1979	18 
1980	3 
1981	38 
1982	25 
1983	36 
1984	5 
1985	29 
1986	9 
1987	21 
1988	25 
1989	14 
1990	30 
1991	36 
1992	19 
1993	12 
1994	14 
1995	23 
1996	5 
1997	31 
1998	25 
1999	33 
2000	34 
2001	23 
2002	1 
2003	3 
2004	18 
2005	38 
2006	14 
2007	29 
2008	11 
2009	27 
2010	19 
2011	16 
2012	19 
2013	17 
2014	25 
2015	20 
2016	17 
2017	36 
2018	3 
2019	19 
2020	1 
2021	38 
2022	5 
2023	11 
2024	11 
2025	37 
2026	8 
2027	38 
2028	35 
2029	6 
2030	2 
2031	26 
2032	29 
2033	5 
2034	22 
2035	1 
2036	12 
2037	34 
2038	18 
2039	5 
2040	26 
2041	28 
2042	19 
2043	6 
2044	7 
2045	32 
2046	15 
2047	34 
2048	15 
2049	13 
2050	23 
2051	26 
2052	38 
2053	21 
2054	35 
2055	25 
2056	38 
2057	6 
2058	2 
2059	1 
2060	26 
2061	12 
2062	26 
2063	15 
2064	14 
2065	5 
2066	24 
2067	34 
2068	3 
2069	36 
2070	36 
2071	5 
2072	15 
2073	9 
2074	15 
2075	5 
2076	22 
2077	31 
2078	34 
2079	11 
2080	26 
2081	34 
2082	8 
2083	5 
2084	28 
2085	7 
2086	28 
2087	27 
2088	8 
2089	21 
2090	15 
2091	35 
2092	1 
2093	7 
2094	21 
2095	14 
2096	8 
2097	25 
2098	33 
2099	21 
2100	7 
2101	37 
2102	4 
2103	15 
2104	19 
2105	36 
2106	9 
2107	36 
2108	14 
2109	38 
2110	17 
2111	10 
2112	38 
2113	2 
2114	36 
2115	30 
2116	5 
2117	32 
2118	32 
2119	21 
2120	21 
2121	13 
2122	18 
2123	30 
2124	1 
2125	2 
2126	5 
2127	23 
2128	16 
2129	18 
2130	11 
2131	9 
2132	37 
2133	19 
2134	30 
2135	18 
2136	15 
2137	24 
2138	26 
2139	7 
2140	7 
2141	4 
2142	38 
2143	34 
2144	24 
2145	1 
2146	1 
2147	23 
2148	27 
2149	8 
2150	32 
2151	38 
2152	6 
2153	9 
2154	1 
2155	32 
2156	15 
2157	37 
2158	2 
2159	25 
2160	37 
2161	20 
2162	15 
2163	29 
2164	5 
2165	34 
2166	23 
2167	17 
2168	5 
2169	5 
2170	3 
2171	16 
2172	29 
2173	5 
2174	31 
2175	34 
2176	11 
2177	2 
2178	18 
2179	27 
2180	7 
2181	38 
2182	38 
2183	25 
2184	1 
2185	5 
2186	34 
2187	3 
2188	16 
2189	32 
2190	23 
2191	33 
2192	34 
2193	4 
2194	2 
2195	5 
2196	21 
2197	20 
2198	34 
2199	22 
2200	35 
2201	38 
2202	31 
2203	10 
2204	36 
2205	23 
2206	7 
2207	29 
2208	23 
2209	2 
2210	28 
2211	1 
2212	6 
2213	21 
2214	24 
2215	17 
2216	12 
2217	37 
2218	19 
2219	10 
2220	3 
2221	1 
2222	33 
2223	2 
2224	27 
2225	17 
2226	33 
2227	16 
2228	35 
2229	16 
2230	10 
2231	6 
2232	11 
2233	4 
2234	2 
2235	38 
2236	9 
2237	5 
2238	1 
2239	9 
2240	31 
2241	21 
2242	30 
2243	21 
2244	5 
2245	5 
2246	23 
2247	27 
2248	21 
2249	1 
2250	27 
2251	5 
2252	25 
2253	19 
2254	21 
2255	9 
2256	7 
2257	1 
2258	24 
2259	7 
2260	29 
2261	15 
2262	32 
2263	15 
2264	9 
2265	21 
2266	23 
2267	32 
2268	9 
2269	26 
2270	10 
2271	37 
2272	36 
2273	25 
2274	10 
2275	27 
2276	1 
2277	37 
2278	13 
2279	25 
2280	11 
2281	1 
2282	23 
2283	21 
2284	26 
2285	29 
2286	7 
2287	29 
2288	5 
2289	20 
2290	11 
2291	22 
2292	16 
2293	19 
2294	32 
2295	7 
2296	27 
2297	33 
2298	8 
2299	19 
2300	11 
2301	30 
2302	26 
2303	7 
2304	19 
2305	2 
2306	6 
2307	37 
2308	19 
2309	1 
2310	37 
2311	9 
2312	7 
2313	23 
2314	15 
2315	38 
2316	1 
2317	29 
2318	15 
2319	6 
2320	21 
2321	28 
2322	21 
2323	5 
2324	35 
2325	21 
2326	5 
2327	34 
2328	19 
2329	16 
2330	15 
2331	30 
2332	6 
2333	32 
2334	9 
2335	5 
2336	27 
2337	15 
2338	4 
2339	37 
2340	33 
2341	37 
2342	25 
2343	21 
2344	7 
2345	11 
2346	33 
2347	34 
2348	17 
2349	6 
2350	1 
2351	19 
2352	2 
2353	19 
2354	24 
2355	5 
2356	28 
2357	21 
2358	30 
2359	38 
2360	16 
2361	20 
2362	13 
2363	23 
2364	34 
2365	6 
2366	9 
2367	11 
2368	27 
2369	19 
2370	25 
2371	27 
2372	34 
2373	34 
2374	27 
2375	15 
2376	7 
2377	19 
2378	37 
2379	24 
2380	1 
2381	19 
2382	5 
2383	19 
2384	13 
2385	8 
2386	21 
2387	15 
2388	13 
2389	16 
2390	31 
2391	30 
2392	23 
2393	28 
2394	26 
2395	37 
2396	32 
2397	18 
2398	11 
2399	32 
2400	32 
2401	16 
2402	38 
2403	35 
2404	9 
2405	11 
2406	23 
2407	17 
2408	23 
2409	9 
2410	16 
2411	5 
2412	37 
2413	21 
2414	38 
2415	17 
2416	24 
2417	26 
2418	37 
2419	28 
2420	30 
2421	5 
2422	32 
2423	1 
2424	25 
2425	21 
2426	6 
2427	16 
2428	2 
2429	15 
2430	9 
2431	1 
2432	21 
2433	35 
2434	3 
2435	34 
2436	30 
2437	2 
2438	14 
2439	20 
2440	14 
2441	16 
2442	14 
2443	35 
2444	25 
2445	21 
2446	25 
2447	5 
2448	13 
2449	30 
2450	16 
2451	38 
2452	38 
2453	14 
2454	18 
2455	23 
2456	2 
2457	19 
2458	19 
2459	38 
2460	11 
2461	37 
2462	2 
2463	12 
2464	21 
2465	19 
2466	25 
2467	24 
2468	2 
2469	33 
2470	19 
2471	5 
2472	2 
2473	33 
2474	34 
2475	11 
2476	1 
2477	6 
2478	23 
2479	26 
2480	6 
2481	22 
2482	26 
2483	7 
2484	7 
2485	2 
2486	15 
2487	6 
2488	28 
2489	12 
2490	7 
2491	31 
2492	24 
2493	1 
2494	11 
2495	11 
2496	19 
2497	31 
2498	35 
2499	12 
2500	28 
2501	34 
2502	21 
2503	16 
2504	37 
2505	32 
2506	27 
2507	5 
2508	1 
2509	5 
2510	7 
2511	23 
2512	2 
2513	30 
2514	3 
2515	9 
2516	33 
2517	8 
2518	30 
2519	9 
2520	10 
2521	27 
2522	21 
2523	34 
2524	6 
2525	36 
2526	37 
2527	1 
2528	31 
2529	5 
2530	8 
2531	2 
2532	32 
2533	31 
2534	25 
2535	5 
2536	30 
2537	35 
2538	1 
2539	26 
2540	32 
2541	8 
2542	7 
2543	22 
2544	18 
2545	30 
2546	18 
2547	34 
2548	2 
2549	20 
2550	5 
2551	28 
2552	7 
2553	21 
2554	23 
2555	9 
2556	13 
2557	19 
2558	30 
2559	25 
2560	30 
2561	15 
2562	2 
2563	21 
2564	36 
2565	3 
2566	7 
2567	20 
2568	24 
2569	37 
2570	7 
2571	34 
2572	11 
2573	5 
2574	36 
2575	34 
2576	31 
2577	21 
2578	17 
2579	8 
2580	35 
2581	26 
2582	29 
2583	30 
2584	37 
2585	26 
2586	30 
2587	4 
2588	3 
2589	37 
2590	29 
2591	23 
2592	1 
2593	25 
2594	37 
2595	28 
2596	10 
2597	13 
2598	21 
2599	25 
2600	8 
2601	3 
2602	28 
2603	30 
2604	31 
2605	30 
2606	17 
2607	10 
2608	7 
2609	37 
2610	13 
2611	2 
2612	31 
2613	28 
2614	29 
2615	17 
2616	32 
2617	35 
2618	4 
2619	30 
2620	21 
2621	7 
2622	4 
2623	15 
2624	1 
2625	9 
2626	32 
2627	2 
2628	35 
2629	23 
2630	4 
2631	17 
2632	6 
2633	8 
2634	2 
2635	23 
2636	16 
2637	8 
2638	34 
2639	13 
2640	37 
2641	37 
2642	13 
2643	5 
2644	12 
2645	2 
2646	15 
2647	13 
2648	30 
2649	14 
2650	6 
2651	13 
2652	21 
2653	2 
2654	22 
2655	21 
2656	21 
2657	29 
2658	13 
2659	30 
2660	26 
2661	24 
2662	22 
2663	5 
2664	1 
2665	37 
2666	22 
2667	21 
2668	12 
2669	28 
2670	9 
2671	23 
2672	30 
2673	26 
2674	3 
2675	2 
2676	24 
2677	10 
2678	21 
2679	21 
2680	25 
2681	5 
2682	19 
2683	37 
2684	5 
2685	38 
2686	38 
2687	2 
2688	25 
2689	16 
2690	34 
2691	22 
2692	18 
2693	31 
2694	7 
2695	23 
2696	25 
2697	37 
2698	21 
2699	15 
2700	29 
2701	14 
2702	6 
2703	33 
2704	28 
2705	38 
2706	15 
2707	19 
2708	8 
2709	7 
2710	1 
2711	10 
2712	20 
2713	35 
2714	5 
2715	36 
2716	2 
2717	11 
2718	29 
2719	23 
2720	7 
2721	28 
2722	6 
2723	37 
2724	10 
2725	11 
2726	30 
2727	34 
2728	30 
2729	16 
2730	37 
2731	10 
2732	4 
2733	11 
2734	2 
2735	21 
2736	25 
2737	16 
2738	3 
2739	8 
2740	38 
2741	34 
2742	38 
2743	16 
2744	19 
2745	25 
2746	26 
2747	29 
2748	17 
2749	7 
2750	25 
2751	27 
2752	9 
2753	9 
2754	22 
2755	33 
2756	38 
2757	25 
2758	19 
2759	32 
2760	1 
2761	31 
2762	25 
2763	37 
2764	25 
2765	26 
2766	33 
2767	19 
2768	1 
2769	13 
2770	19 
2771	9 
2772	1 
2773	2 
2774	18 
2775	37 
2776	5 
2777	5 
2778	2 
2779	14 
2780	2 
2781	38 
2782	30 
2783	27 
2784	27 
2785	14 
2786	1 
2787	32 
2788	15 
2789	11 
2790	22 
2791	29 
2792	7 
2793	38 
2794	25 
2795	21 
2796	24 
2797	7 
2798	2 
2799	1 
2800	21 
2801	15 
2802	37 
2803	30 
2804	7 
2805	18 
2806	16 
2807	10 
2808	2 
2809	17 
2810	4 
2811	33 
2812	28 
2813	9 
2814	7 
2815	21 
2816	6 
2817	7 
2818	34 
2819	32 
2820	16 
2821	21 
2822	33 
2823	4 
2824	32 
2825	32 
2826	31 
2827	24 
2828	27 
2829	5 
2830	23 
2831	3 
2832	26 
2833	1 
2834	11 
2835	6 
2836	24 
2837	30 
2838	26 
2839	13 
2840	19 
2841	13 
2842	13 
2843	38 
2844	34 
2845	9 
2846	38 
2847	14 
2848	38 
2849	10 
2850	14 
2851	23 
2852	23 
2853	26 
2854	17 
2855	1 
2856	4 
2857	30 
2858	30 
2859	25 
2860	7 
2861	32 
2862	9 
2863	16 
2864	1 
2865	34 
2866	21 
2867	21 
2868	29 
2869	2 
2870	11 
2871	19 
2872	12 
2873	12 
2874	19 
2875	18 
2876	21 
2877	21 
2878	16 
2879	36 
2880	11 
2881	1 
2882	1 
2883	21 
2884	36 
2885	18 
2886	15 
2887	28 
2888	16 
2889	2 
2890	37 
2891	23 
2892	23 
2893	14 
2894	3 
2895	19 
2896	19 
2897	38 
2898	23 
2899	18 
2900	2 
2901	37 
2902	32 
2903	13 
2904	2 
2905	4 
2906	15 
2907	32 
2908	38 
2909	27 
2910	13 
2911	34 
2912	1 
2913	7 
2914	37 
2915	17 
2916	8 
2917	31 
2918	15 
2919	30 
2920	17 
2921	21 
2922	38 
2923	28 
2924	2 
2925	6 
2926	21 
2927	16 
2928	38 
2929	25 
2930	16 
2931	18 
2932	16 
2933	5 
2934	22 
2935	34 
2936	38 
2937	23 
2938	21 
2939	5 
2940	16 
2941	5 
2942	28 
2943	2 
2944	7 
2945	5 
2946	11 
2947	21 
2948	18 
2949	38 
2950	21 
2951	7 
2952	37 
2953	23 
2954	28 
2955	2 
2956	38 
2957	33 
2958	18 
2959	38 
2960	35 
2961	31 
2962	10 
2963	22 
2964	30 
2965	15 
2966	23 
2967	37 
2968	15 
2969	11 
2970	7 
2971	23 
2972	10 
2973	27 
2974	16 
2975	4 
2976	26 
2977	2 
2978	30 
2979	28 
2980	9 
2981	15 
2982	37 
2983	37 
2984	12 
2985	11 
2986	5 
2987	15 
2988	21 
2989	16 
2990	23 
2991	33 
2992	15 
2993	24 
2994	11 
2995	8 
2996	16 
2997	15 
2998	15 
2999	34 
3000	18 
3001	19 
3002	11 
3003	30 
3004	6 
3005	1 
3006	12 
3007	31 
3008	3 
3009	9 
3010	25 
3011	13 
3012	3 
3013	16 
3014	30 
3015	15 
3016	16 
3017	18 
3018	28 
3019	7 
3020	37 
3021	8 
3022	38 
3023	35 
3024	21 
3025	6 
3026	16 
3027	37 
3028	28 
3029	26 
3030	5 
3031	9 
3032	34 
3033	6 
3034	16 
3035	30 
3036	23 
3037	25 
3038	27 
3039	23 
3040	33 
3041	36 
3042	17 
3043	27 
3044	1 
3045	2 
3046	14 
3047	1 
3048	16 
3049	1 
3050	21 
3051	15 
3052	2 
3053	9 
3054	7 
3055	21 
3056	7 
3057	4 
3058	29 
3059	16 
3060	32 
3061	34 
3062	28 
3063	34 
3064	38 
3065	32 
3066	6 
3067	24 
3068	15 
3069	1 
3070	20 
3071	17 
3072	8 
3073	1 
3074	35 
3075	11 
3076	22 
3077	38 
3078	34 
3079	9 
3080	26 
3081	14 
3082	34 
3083	29 
3084	18 
3085	15 
3086	16 
3087	11 
3088	14 
3089	18 
3090	30 
3091	28 
3092	15 
3093	32 
3094	2 
3095	2 
3096	36 
3097	6 
3098	33 
3099	35 
3100	30 
3101	31 
3102	37 
3103	23 
3104	33 
3105	36 
3106	1 
3107	35 
3108	4 
3109	28 
3110	28 
3111	25 
3112	28 
3113	36 
3114	13 
3115	8 
3116	29 
3117	32 
3118	8 
3119	30 
3120	38 
3121	27 
3122	18 
3123	18 
3124	19 
3125	10 
3126	30 
3127	11 
3128	38 
3129	30 
3130	16 
3131	7 
3132	22 
3133	1 
3134	25 
3135	23 
3136	11 
3137	3 
3138	19 
3139	38 
3140	21 
3141	35 
3142	29 
3143	4 
3144	1 
3145	7 
3146	19 
3147	20 
3148	25 
3149	21 
3150	15 
3151	5 
3152	22 
3153	20 
3154	11 
3155	15 
3156	13 
3157	21 
3158	28 
3159	2 
3160	9 
3161	34 
3162	10 
3163	20 
3164	33 
3165	33 
3166	35 
3167	1 
3168	6 
3169	36 
3170	3 
3171	16 
3172	7 
3173	7 
3174	18 
3175	21 
3176	37 
3177	37 
3178	2 
3179	23 
3180	7 
3181	38 
3182	36 
3183	18 
3184	30 
3185	26 
3186	5 
3187	1 
3188	6 
3189	30 
3190	7 
3191	34 
3192	17 
3193	13 
3194	16 
3195	32 
3196	30 
3197	38 
3198	20 
3199	30 
3200	12 
3201	5 
3202	7 
3203	7 
3204	23 
3205	19 
3206	22 
3207	32 
3208	11 
3209	20 
3210	32 
3211	10 
3212	23 
3213	36 
3214	27 
3215	9 
3216	21 
3217	23 
3218	30 
3219	11 
3220	28 
3221	5 
3222	6 
3223	38 
3224	18 
3225	5 
3226	6 
3227	5 
3228	30 
3229	25 
3230	21 
3231	31 
3232	1 
3233	35 
3234	34 
3235	7 
3236	28 
3237	8 
3238	11 
3239	21 
3240	16 
3241	27 
3242	1 
3243	11 
3244	25 
3245	8 
3246	18 
3247	33 
3248	15 
3249	37 
3250	15 
3251	7 
3252	31 
3253	31 
3254	11 
3255	12 
3256	29 
3257	19 
3258	30 
3259	21 
3260	23 
3261	23 
3262	7 
3263	33 
3264	34 
3265	24 
3266	35 
3267	32 
3268	25 
3269	6 
3270	9 
3271	18 
3272	21 
3273	32 
3274	32 
3275	8 
3276	10 
3277	5 
3278	14 
3279	4 
3280	37 
3281	37 
3282	11 
3283	14 
3284	6 
3285	27 
3286	28 
3287	19 
3288	37 
3289	19 
3290	6 
3291	2 
3292	15 
3293	5 
3294	7 
3295	5 
3296	9 
3297	7 
3298	34 
3299	13 
3300	25 
3301	5 
3302	32 
3303	21 
3304	21 
3305	35 
3306	35 
3307	2 
3308	23 
3309	37 
3310	28 
3311	27 
3312	7 
3313	22 
3314	1 
3315	26 
3316	10 
3317	5 
3318	1 
3319	23 
3320	2 
3321	27 
3322	30 
3323	1 
3324	38 
3325	34 
3326	33 
3327	8 
3328	5 
3329	1 
3330	6 
3331	31 
3332	30 
3333	9 
3334	2 
3335	34 
3336	30 
3337	21 
3338	28 
3339	20 
3340	12 
3341	30 
3342	21 
3343	9 
3344	26 
3345	9 
3346	32 
3347	1 
3348	30 
3349	21 
3350	5 
3351	2 
3352	27 
3353	32 
3354	19 
3355	28 
3356	7 
3357	28 
3358	21 
3359	1 
3360	7 
3361	30 
3362	6 
3363	19 
3364	14 
3365	10 
3366	30 
3367	20 
3368	14 
3369	5 
3370	1 
3371	11 
3372	38 
3373	37 
3374	16 
3375	10 
3376	18 
3377	6 
3378	33 
3379	27 
3380	2 
3381	36 
3382	23 
3383	36 
3384	33 
3385	21 
3386	13 
3387	37 
3388	31 
3389	16 
3390	7 
3391	9 
3392	26 
3393	2 
3394	31 
3395	38 
3396	5 
3397	13 
3398	20 
3399	22 
3400	38 
3401	8 
3402	36 
3403	13 
3404	9 
3405	10 
3406	35 
3407	32 
3408	4 
3409	31 
3410	2 
3411	9 
3412	6 
3413	23 
3414	17 
3415	23 
3416	29 
3417	21 
3418	23 
3419	12 
3420	31 
3421	29 
3422	37 
3423	18 
3424	37 
3425	5 
3426	35 
3427	38 
3428	34 
3429	26 
3430	33 
3431	21 
3432	21 
3433	21 
3434	34 
3435	24 
3436	18 
3437	16 
3438	28 
3439	24 
3440	15 
3441	8 
3442	38 
3443	11 
3444	30 
3445	28 
3446	1 
3447	4 
3448	36 
3449	1 
3450	6 
3451	2 
3452	32 
3453	17 
3454	36 
3455	26 
3456	22 
3457	5 
3458	25 
3459	3 
3460	19 
3461	28 
3462	2 
3463	19 
3464	33 
3465	23 
3466	28 
3467	31 
3468	16 
3469	28 
3470	5 
3471	15 
3472	37 
3473	1 
3474	8 
3475	1 
3476	32 
3477	8 
3478	18 
3479	21 
3480	5 
3481	28 
3482	21 
3483	22 
3484	2 
3485	16 
3486	5 
3487	19 
3488	6 
3489	28 
3490	18 
3491	25 
3492	18 
3493	6 
3494	37 
3495	21 
3496	14 
3497	21 
3498	14 
3499	24 
3500	27 
3501	28 
3502	14 
3503	26 
3504	20 
3505	4 
3506	25 
3507	30 
3508	1 
3509	9 
3510	2 
3511	37 
3512	21 
3513	5 
3514	25 
3515	21 
3516	16 
3517	16 
3518	12 
3519	35 
3520	28 
3521	27 
3522	22 
3523	21 
3524	1 
3525	17 
3526	13 
3527	17 
3528	7 
3529	13 
3530	30 
3531	15 
3532	35 
3533	1 
3534	18 
3535	5 
3536	5 
3537	16 
3538	12 
3539	38 
3540	8 
3541	29 
3542	11 
3543	4 
3544	19 
3545	15 
3546	11 
3547	3 
3548	24 
3549	1 
3550	8 
3551	15 
3552	15 
3553	36 
3554	8 
3555	16 
3556	38 
3557	32 
3558	2 
3559	12 
3560	2 
3561	9 
3562	2 
3563	2 
3564	20 
3565	9 
3566	37 
3567	36 
3568	26 
3569	17 
3570	37 
3571	20 
3572	38 
3573	29 
3574	12 
3575	8 
3576	14 
3577	1 
3578	35 
3579	26 
3580	20 
3581	37 
3582	30 
3583	12 
3584	33 
3585	23 
3586	5 
3587	32 
3588	6 
3589	15 
3590	15 
3591	16 
3592	25 
3593	36 
3594	28 
3595	37 
3596	32 
3597	31 
3598	2 
3599	33 
3600	14 
3601	35 
3602	15 
3603	19 
3604	9 
3605	2 
3606	22 
3607	34 
3608	28 
3609	2 
3610	4 
3611	7 
3612	2 
3613	36 
3614	1 
3615	16 
3616	23 
3617	28 
3618	19 
3619	18 
3620	12 
3621	35 
3622	30 
3623	1 
3624	37 
3625	37 
3626	30 
3627	23 
3628	13 
3629	19 
3630	7 
3631	17 
3632	15 
3633	33 
3634	14 
3635	38 
3636	38 
3637	6 
3638	25 
3639	22 
3640	23 
3641	24 
3642	16 
3643	14 
3644	15 
3645	21 
3646	36 
3647	28 
3648	7 
3649	21 
3650	15 
3651	5 
3652	18 
3653	9 
3654	7 
3655	35 
3656	8 
3657	34 
3658	19 
3659	32 
3660	27 
3661	6 
3662	1 
3663	6 
3664	37 
3665	20 
3666	28 
3667	36 
3668	15 
3669	35 
3670	37 
3671	16 
3672	34 
3673	21 
3674	33 
3675	38 
3676	25 
3677	37 
3678	28 
3679	20 
3680	19 
3681	7 
3682	19 
3683	10 
3684	26 
3685	15 
3686	7 
3687	38 
3688	16 
3689	28 
3690	3 
3691	34 
3692	1 
3693	28 
3694	11 
3695	18 
3696	32 
3697	31 
3698	19 
3699	12 
3700	11 
3701	19 
3702	6 
3703	14 
3704	10 
3705	7 
3706	14 
3707	15 
3708	28 
3709	18 
3710	10 
3711	35 
3712	36 
3713	7 
3714	15 
3715	8 
3716	32 
3717	1 
3718	30 
3719	6 
3720	30 
3721	5 
3722	20 
3723	4 
3724	5 
3725	4 
3726	1 
3727	7 
3728	5 
3729	37 
3730	19 
3731	21 
3732	16 
3733	16 
3734	32 
3735	38 
3736	25 
3737	19 
3738	14 
3739	2 
3740	1 
3741	18 
3742	15 
3743	33 
3744	4 
3745	21 
3746	9 
3747	26 
3748	13 
3749	19 
3750	19 
3751	1 
3752	15 
3753	2 
3754	6 
3755	32 
3756	1 
3757	4 
3758	17 
3759	12 
3760	36 
3761	24 
3762	19 
3763	15 
3764	7 
3765	8 
3766	36 
3767	36 
3768	27 
3769	5 
3770	18 
3771	7 
3772	16 
3773	24 
3774	12 
3775	27 
3776	10 
3777	38 
3778	1 
3779	19 
3780	10 
3781	12 
3782	2 
3783	16 
3784	1 
3785	2 
3786	2 
3787	18 
3788	20 
3789	6 
3790	11 
3791	21 
3792	27 
3793	5 
3794	38 
3795	33 
3796	28 
3797	38 
3798	16 
3799	7 
3800	32 
3801	25 
3802	34 
3803	31 
3804	8 
3805	2 
3806	13 
3807	7 
3808	15 
3809	32 
3810	30 
3811	32 
3812	29 
3813	17 
3814	18 
3815	30 
3816	29 
3817	2 
3818	8 
3819	30 
3820	9 
3821	22 
3822	17 
3823	12 
3824	19 
3825	36 
3826	17 
3827	28 
3828	17 
3829	4 
3830	28 
3831	21 
3832	6 
3833	33 
3834	34 
3835	19 
3836	8 
3837	6 
3838	11 
3839	16 
3840	34 
3841	10 
3842	1 
3843	25 
3844	1 
3845	23 
3846	38 
3847	22 
3848	5 
3849	23 
3850	30 
3851	18 
3852	10 
3853	5 
3854	20 
3855	19 
3856	16 
3857	5 
3858	26 
3859	26 
3860	23 
3861	12 
3862	23 
3863	15 
3864	18 
3865	25 
3866	21 
3867	7 
3868	4 
3869	36 
3870	28 
3871	19 
3872	2 
3873	9 
3874	26 
3875	37 
3876	28 
3877	5 
3878	10 
3879	4 
3880	7 
3881	7 
3882	34 
3883	15 
3884	34 
3885	30 
3886	30 
3887	6 
3888	16 
3889	18 
3890	7 
3891	7 
3892	19 
3893	38 
3894	9 
3895	23 
3896	23 
3897	33 
3898	32 
3899	27 
3900	9 
3901	32 
3902	36 
3903	34 
3904	4 
3905	7 
3906	1 
3907	21 
3908	14 
3909	28 
3910	13 
3911	23 
3912	28 
3913	22 
3914	21 
3915	2 
3916	16 
3917	28 
3918	19 
3919	21 
3920	25 
3921	4 
3922	32 
3923	7 
3924	33 
3925	31 
3926	19 
3927	23 
3928	30 
3929	33 
3930	12 
3931	29 
3932	25 
3933	38 
3934	15 
3935	7 
3936	7 
3937	26 
3938	9 
3939	7 
3940	38 
3941	12 
3942	34 
3943	28 
3944	37 
3945	15 
3946	5 
3947	16 
3948	27 
3949	37 
3950	26 
3951	5 
3952	14 
3953	1 
3954	1 
3955	23 
3956	14 
3957	23 
3958	38 
3959	28 
3960	37 
3961	9 
3962	3 
3963	1 
3964	12 
3965	21 
3966	9 
3967	13 
3968	6 
3969	11 
3970	23 
3971	5 
3972	10 
3973	29 
3974	6 
3975	38 
3976	34 
3977	38 
3978	2 
3979	1 
3980	5 
3981	11 
3982	26 
3983	29 
3984	13 
3985	30 
3986	31 
3987	5 
3988	10 
3989	25 
3990	21 
3991	21 
3992	9 
3993	27 
3994	28 
3995	27 
3996	7 
3997	2 
3998	18 
3999	17 
4000	16 
4001	17 
4002	9 
4003	36 
4004	8 
4005	13 
4006	38 
4007	7 
4008	11 
4009	26 
4010	15 
4011	6 
4012	36 
4013	23 
4014	5 
4015	25 
4016	30 
4017	19 
4018	30 
4019	1 
4020	17 
4021	19 
4022	38 
4023	15 
4024	8 
4025	1 
4026	2 
4027	30 
4028	2 
4029	26 
4030	1 
4031	37 
4032	29 
4033	21 
4034	27 
4035	23 
4036	1 
4037	5 
4038	30 
4039	9 
4040	1 
4041	15 
4042	23 
4043	11 
4044	28 
4045	9 
4046	11 
4047	27 
4048	7 
4049	6 
4050	14 
4051	8 
4052	19 
4053	8 
4054	30 
4055	28 
4056	2 
4057	36 
4058	37 
4059	25 
4060	2 
4061	21 
4062	34 
4063	34 
4064	5 
4065	27 
4066	7 
4067	16 
4068	11 
4069	15 
4070	27 
4071	21 
4072	25 
4073	5 
4074	9 
4075	26 
4076	6 
4077	11 
4078	30 
4079	21 
4080	21 
4081	15 
4082	5 
4083	38 
4084	11 
4085	34 
4086	15 
4087	7 
4088	38 
4089	7 
4090	28 
4091	9 
4092	2 
4093	7 
4094	36 
4095	11 
4096	1 
