1	250	0.556619
1	368	2.15731
1	415	2.88632
1	512	2.40001
2	301	1.94854
2	352	0.920066
2	485	2.73183
2	487	2.40004
3	382	2.69555
3	417	0.577708
3	446	0.485314
3	512	4.53674
4	278	0.710215
4	372	1.55341
4	387	2.39389
4	453	3.33668
5	153	2.5934
5	327	1.63673
5	388	1.36698
5	504	2.40006
6	87	2.47847
6	369	0.280043
6	488	2.84178
6	511	2.40026
7	226	0.885
7	490	2.39954
7	504	1.98352
7	506	2.73139
8	234	0.736602
8	352	2.63173
8	357	2.23169
8	398	2.45497
9	158	2.32993
9	431	1.44679
9	445	1.82164
9	487	2.40004
10	223	1.96249
10	282	3.63679
10	498	1.40664
10	501	1.00295
11	182	0.469515
11	338	2.47877
11	406	2.65183
11	478	2.71477
12	196	2.73688
12	311	1.40863
12	465	1.45522
12	490	2.39954
13	117	0.830147
13	299	2.42096
13	494	0.0107057
13	511	4.78155
14	439	0.729053
14	476	1.91656
14	498	2.9553
14	511	2.40026
15	167	1.30194
15	195	0.339901
15	447	4.29815
15	494	2.06405
16	294	0.454096
16	481	1.6774
16	502	3.46903
16	512	2.40001
17	309	2.82637
17	347	2.57569
17	379	1.32609
17	422	1.44739
18	393	2.02703
18	419	3.57333
18	505	0.0430347
18	511	2.35728
19	160	2.64402
19	171	1.84115
19	231	1.11436
19	506	2.3999
20	161	0.675562
20	270	0.221075
20	480	2.39841
20	507	4.70351
21	237	2.80454
21	349	1.95875
21	392	0.758002
21	481	2.88242
22	246	2.38222
22	462	2.64277
22	465	3.32143
22	476	4.66372e-06
23	74	2.4
23	90	1.45787
23	362	4.14286
23	470	0.0423175
24	444	1.62983
24	455	1.53688
24	481	2.43328
24	504	2.40006
25	340	0.387827
25	460	2.0059
25	487	2.40691
25	507	3.19362
26	304	0.554946
26	409	1.29319
26	496	3.75167
26	501	2.4031
27	47	2.23193
27	194	1.46352
27	433	0.906638
27	491	3.22962
28	150	1.00768
28	463	2.4006
28	498	1.62556
28	509	2.96872
29	115	0.971913
29	471	1.07906
29	485	2.40047
29	495	3.5488
30	164	2.23418
30	402	1.43817
30	446	0.0551623
30	512	4.10659
31	291	2.85105
31	306	0.00652567
31	494	1.30089
31	511	4.45188
32	141	3.3541
32	388	1.15914
32	417	1.58677
32	464	2.85438
33	287	1.70222
33	413	1.69779
33	415	2.40038
33	475	2.19977
34	311	2.39983
34	358	1.01832
34	359	2.1798
34	388	2.40119
35	224	2.00544
35	476	1.21423
35	485	2.38024
35	491	2.40051
36	356	0.879188
36	450	2.43046
36	457	1.57779
36	473	3.14339
37	285	2.18673
37	412	2.34835
37	435	3.41529
37	482	0.135261
38	116	0.0627087
38	398	2.45497
38	427	0.881478
38	502	4.6563
39	171	0.0126074
39	275	1.32251
39	322	2.38401
39	465	4.27775
40	212	1.51789
40	325	0.00970772
40	403	4.08241
40	496	2.39013
41	233	1.76838
41	269	3.83145
41	337	0.148646
41	510	2.57747
42	364	0.603997
42	436	2.32055
42	450	1.71113
42	495	3.28496
43	441	1.35353
43	458	0.353896
43	483	2.0461
43	509	4.24667
44	118	0.594012
44	308	2.33872
44	502	2.14688
44	512	2.85964
45	123	0.825062
45	194	2.39904
45	197	0.48511
45	487	4.2905
46	79	2.28524
46	386	0.524974
46	420	1.36779
46	501	3.70711
47	27	2.23193
47	295	1.95645
47	453	0.316498
47	498	3.64384
48	248	0.106466
48	368	2.15492
48	464	3.33925
48	502	2.40587
49	319	0.460072
49	474	2.44666
49	477	2.79075
49	497	2.34942
50	67	1.27133
50	367	2.36105
50	420	2.15331
50	427	2.17575
51	439	0.540496
51	490	1.82094
51	502	2.40587
51	505	3.23934
52	151	1.43883
52	205	1.40893
52	227	2.80454
52	461	2.75265
53	75	2.39999
53	132	1.90786
53	325	1.52933
53	332	2.14985
54	152	0.653855
54	167	1.15866
54	313	3.78756
54	499	2.48216
55	59	2.4
55	447	0.101139
55	500	1.57911
55	512	3.92018
56	83	2.4
56	287	2.0006
56	304	1.56528
56	372	2.03419
57	130	2.6121
57	283	1.34415
57	349	2.20588
57	463	2.04912
58	379	2.45146
58	393	0.0531991
58	410	2.12901
58	498	3.41852
59	55	2.4
59	275	1.50077
59	321	1.55717
59	396	2.54209
60	419	2.39995
60	437	1.08083
60	468	1.3739
60	484	3.14504
61	220	1.53055
61	362	1.53049
61	422	2.4006
61	486	2.5396
62	232	2.45393
62	324	1.74892
62	377	2.39411
62	413	1.38177
63	334	0.156778
63	421	2.39988
63	487	2.38235
63	502	3.06207
64	347	0.597815
64	448	0.85545
64	497	2.39983
64	499	4.14637
65	343	0.67158
65	427	2.39924
65	484	2.65284
65	491	2.27419
66	284	1.96478
66	379	2.45146
66	425	1.11684
66	444	2.51817
67	50	1.27133
67	308	0.389345
67	428	2.39295
67	505	3.93866
68	333	1.00313
68	334	2.05871
68	480	2.3153
68	486	2.28243
69	71	0.00205098
69	157	1.32507
69	470	2.42748
69	480	4.28636
70	248	0.0250245
70	436	2.32055
70	493	2.12862
70	507	3.44628
71	69	0.00205098
71	264	1.03118
71	333	4.61672
71	499	2.5244
72	196	1.58334
72	473	2.40445
72	486	0.91143
72	507	3.10547
73	124	1.56908
73	157	3.3541
73	302	0.475534
73	499	3.55142
74	23	2.4
74	269	0.0671251
74	444	1.51666
74	510	4.01611
75	53	2.39999
75	313	2.70835
75	441	2.89175
75	442	1.0311e-05
76	346	1.92147
76	352	2.39545
76	405	1.91463
76	422	1.76347
77	173	1.90612
77	175	1.78005
77	344	0.924673
77	487	3.82062
78	361	0.14481
78	466	1.7268
78	486	3.41973
78	506	4.26109
79	46	2.28524
79	230	0.213297
79	252	1.91478
79	392	3.68524
80	196	2.46354
80	336	0.255072
80	344	1.12782
80	495	4.21689
81	356	1.02743
81	456	1.83949
81	469	2.73294
81	490	2.39954
82	425	2.18401
82	426	1.54403
82	451	2.11808
82	469	1.93383
83	56	2.4
83	210	1.26144
83	312	0.992087
83	466	3.34534
84	259	2.20454
84	472	1.43756
84	490	0.673372
84	512	3.48914
85	295	1.99571
85	347	1.28709
85	447	2.31704
85	511	2.40026
86	219	2.25524
86	290	0.000355353
86	467	3.34881
86	502	2.40842
87	6	2.47847
87	286	3.12138
87	360	0.860712
87	376	1.57953
88	456	1.9716
88	479	0.487362
88	497	3.62825
88	503	1.91264
89	335	0.0354775
89	434	2.73996
89	457	2.95891
89	510	2.64952
90	23	1.45787
90	305	2.6075
90	388	1.66997
90	463	2.4718
91	254	0.823587
91	291	2.70503
91	379	0.489775
91	509	4.28664
92	229	0.556377
92	276	0.49977
92	446	2.40196
92	503	4.54378
93	316	0.821446
93	415	2.1996
93	469	2.40023
93	480	2.57939
94	128	0.337511
94	180	2.40325
94	449	2.15088
94	455	3.11181
95	198	0.96406
95	318	1.24932
95	366	3.3864
95	441	2.35041
96	235	0.116348
96	403	1.8984
96	477	4.09022
96	486	3.44806
97	394	0.564709
97	479	1.9838
97	487	3.05267
97	502	2.40587
98	153	2.51193
98	347	0.823184
98	353	2.39666
98	465	2.2626
99	400	0.739607
99	442	1.1013
99	485	3.7586
99	493	2.40003
100	218	1.26474
100	225	2.40476
100	227	1.93041
100	511	2.40026
101	380	0.259701
101	392	0.000184976
101	485	2.40041
101	511	5.34276
102	313	0.232939
102	405	2.73442
102	427	1.20641
102	499	4.39355
103	182	0.667754
103	203	2.39361
103	244	1.81071
103	479	3.12219
104	315	0.000534863
104	418	2.18704
104	484	3.41559
104	500	2.40165
105	169	1.50522
105	372	2.22997
105	431	0.214426
105	508	3.87989
106	340	1.46281
106	382	2.07718
106	411	2.06008
106	456	2.3014
107	354	0.496908
107	405	2.69233
107	466	1.93826
107	500	3.16557
108	462	2.54355
108	473	1.5089
108	496	2.2091
108	501	1.88245
109	482	1.7253
109	489	2.01161
109	493	2.16578
109	495	2.09776
110	411	2.40213
110	449	0.804381
110	483	1.55313
110	493	3.24268
111	259	2.20454
111	418	0.31095
111	499	2.29786
111	507	2.99252
112	227	1.60454
112	237	1.60454
112	406	1.22506
112	507	4.37481
113	466	3.18653e-05
113	497	2.17705
113	503	3.423
113	508	2.40028
114	303	1.626
114	367	2.36105
114	425	0.904638
114	473	3.06957
115	29	0.971913
115	130	1.55255
115	475	2.40146
115	476	3.07539
116	38	0.0627087
116	312	2.33318
116	352	1.86276
116	485	3.67452
117	13	0.830147
117	195	3.23265
117	202	1.53713
117	463	2.4006
118	44	0.594012
118	292	0.94357
118	470	4.06229
118	511	2.40026
119	376	1.02693
119	469	0.730318
119	499	4.57003
119	508	1.6701
120	435	0.418286
120	464	3.16776
120	478	2.43313
120	507	1.98648
121	373	2.46018
121	414	3.13906
121	505	0.0430347
121	511	2.35728
122	287	1.85374
122	401	1.52274
122	412	0.69307
122	459	4.07792
123	45	0.825062
123	239	2.59844
123	316	2.77917
123	387	2.17678
124	73	1.56908
124	285	4.05994
124	389	0.0199035
124	488	2.45095
125	316	1.14999
125	408	1.11499
125	497	3.33515
125	499	2.48216
126	376	1.35651
126	448	1.60869
126	466	2.63166
126	475	2.40146
127	321	0.206026
127	426	1.5686
127	460	2.18508
127	506	4.02723
128	94	0.337511
128	409	2.37086
128	500	1.46093
128	512	3.802
129	260	2.39766
129	309	1.11228
129	384	1.48799
129	418	3.00111
130	57	2.6121
130	115	1.55255
130	290	2.13836
130	430	0.538718
130	455	4.1352
131	269	0.931191
131	279	0.38089
131	492	2.00308
131	509	3.46744
131	511	4.51117
132	53	1.90786
132	172	3.77091
132	343	2.14563
132	450	3.22455
132	476	0.108962
133	294	1.3196
133	304	1.64783
133	412	3.42679
133	418	3.40125
133	438	1.45898
134	393	3.07758
134	398	0.471281
134	415	1.70509
134	421	0.825619
134	511	5.29632
135	373	3.0023
135	419	1.41369
135	436	0.86812
135	471	1.5803
135	489	3.96388
136	408	0.627162
136	410	1.39945
136	466	1.9547
136	487	3.79458
136	504	3.40509
137	267	0.904619
137	365	0.469613
137	423	2.85923
137	465	2.75145
137	495	4.16957
138	299	2.07327
138	344	2.31639
138	428	3.43662
138	481	0.135464
138	509	3.47541
139	372	2.97529
139	414	0.529835
139	430	0.00548817
139	468	1.7332
139	512	5.56313
140	221	0.853307
140	247	0.891868
140	426	3.20379
140	434	3.35472
140	468	2.86659
141	32	3.3541
141	224	1.77814
141	357	0.911544
141	411	1.08071
141	487	4.05655
142	232	1.47343
142	319	0.511747
142	395	2.59199
142	446	2.1723
142	484	4.16494
143	210	0.693611
143	441	2.62894
143	484	1.81174
143	501	1.69984
143	511	4.31502
144	175	1.38976
144	230	1.18936
144	363	1.03069
144	413	3.58553
144	507	4.21704
145	282	1.50326
145	317	1.69673
145	426	2.33492
145	454	1.68412
145	496	3.98361
146	186	1.2204
146	387	3.33279e-05
146	473	3.36151
146	490	2.89206
146	495	3.71639
147	416	0.0948099
147	438	3.35318
147	477	1.36536
147	507	2.65799
147	511	3.70826
148	306	0.370986
148	461	3.35421
148	462	0.743182
148	472	3.51214
148	482	3.19982
149	247	3.70733
149	362	2.88453
149	418	0.00499076
149	421	2.66724
149	461	2.36911
150	28	1.00768
150	426	4.24756
150	436	2.56692
150	502	3.36093
150	507	0.00721672
151	52	1.43883
151	162	3.3541
151	188	1.16715
151	422	2.127
151	447	3.09334
152	54	0.653855
152	328	0.0193184
152	442	3.21055
152	444	1.92264
152	512	5.23049
153	5	2.5934
153	98	2.51193
153	263	0.00231909
153	370	2.80446
153	462	3.61695
154	282	2.82975
154	367	1.07492
154	474	1.61851
154	488	2.30385
154	509	3.46744
155	272	1.57024
155	288	0.641222
155	315	2.65859
155	352	2.95576
155	354	2.57771
156	210	0.674555
156	373	0.614662
156	481	3.82244
156	483	2.71386
156	503	3.3542
157	69	1.32507
157	73	3.3541
157	290	1.42468
157	298	2.36179
157	475	2.71441
158	9	2.32993
158	354	1.63864
158	374	0.00419234
158	480	3.88142
158	488	3.42724
159	194	2.25621
159	278	1.04469
159	315	2.02511
159	320	3.52522
159	428	2.49947
160	19	2.64402
160	186	2.27161
160	318	0.881371
160	412	2.0294
160	420	3.35692
161	20	0.675562
161	234	0.583032
161	282	2.29122
161	497	4.27588
161	500	3.35544
162	151	3.3541
162	433	0.00115056
162	472	1.67412
162	499	2.42527
162	512	3.7257
163	223	0.728568
163	384	1.31826
163	456	2.12234
163	479	3.65737
163	512	3.35411
164	30	2.23418
164	191	1.57632
164	302	2.1302
164	380	1.26519
164	478	4.11936
165	378	0.875749
165	427	1.96778
165	457	2.11903
165	477	1.38434
165	505	4.8315
166	247	2.02126
166	330	2.92647
166	364	0.149448
166	376	2.98237
166	478	3.78476
167	15	1.30194
167	54	1.15866
167	366	1.99472
167	482	3.3714
167	510	3.54215
168	356	3.49522
168	383	1.1731
168	421	2.53292
168	439	1.87991
168	443	2.24154
169	105	1.50522
169	362	3.60835
169	432	0.0602287
169	460	2.71322
169	504	3.29459
170	375	0.833179
170	417	3.3541
170	418	2.42856
170	419	1.08811
170	488	3.47855
171	19	1.84115
171	39	0.0126074
171	405	3.81147
171	445	1.40653
171	508	4.69715
172	132	3.77091
172	331	0.111466
172	441	4.05549
172	470	0.231355
172	499	3.16296
173	77	1.90612
173	184	1.24373
173	257	0.833269
173	401	2.59528
173	461	4.39799
174	253	0.0191486
174	318	2.20047
174	387	2.56228
174	460	3.37408
174	486	4.57717
175	77	1.78005
175	144	1.38976
175	288	1.21982
175	414	2.13294
175	471	4.6563
176	385	0.763923
176	433	3.3615
176	454	1.30525
176	482	2.32661
176	508	3.43151
177	282	2.59228
177	435	1.03789
177	474	0.957278
177	491	2.57971
177	510	4.20875
178	233	4.40908
178	332	4.16343
178	348	1.08563
178	407	2.80028
178	462	0.376396
179	250	0.268194
179	251	0.937995
179	382	3.00822
179	502	3.93982
179	506	3.61849
180	94	2.40325
180	333	0.949273
180	404	0.691578
180	485	3.29534
180	504	3.83907
181	253	1.44028
181	365	3.12652
181	414	3.25943
181	451	0.577334
181	483	2.77677
182	11	0.469515
182	103	0.667754
182	445	3.35369
182	468	2.78277
182	494	3.90621
183	418	2.20243
183	459	1.9179
183	481	0.134361
183	504	3.7078
183	509	3.47651
184	173	1.24373
184	394	2.14429
184	441	2.02178
184	482	3.66083
184	510	2.29842
185	397	0.00581815
185	404	2.21048
185	409	2.83741
185	449	2.77821
185	508	3.34858
186	146	1.2204
186	160	2.27161
186	211	1.65722
186	286	3.50919
186	383	2.67709
187	299	2.51555
187	314	0.000710282
187	369	3.04009
187	377	2.29317
187	474	3.43194
188	151	1.16715
188	451	1.83983
188	471	3.46092
188	494	2.05202
188	495	2.76707
189	218	0.766183
189	238	2.22924
189	409	0.642673
189	477	3.04679
189	510	4.1368
190	349	1.94981
190	385	1.45129
190	423	0.305281
190	507	3.35591
190	508	4.11887
191	164	1.57632
191	411	2.21312
191	473	4.03721
191	489	0.215582
191	512	3.13848
192	204	1.43228
192	240	1.7738
192	379	3.40556
192	452	2.06153
192	475	2.55862
193	274	0.522178
193	311	1.04127
193	470	3.37323
193	493	2.57399
193	510	3.68902
194	27	1.46352
194	45	2.39904
194	159	2.25621
194	398	4.10658
194	447	0.956005
195	15	0.339901
195	117	3.23265
195	276	1.60327
195	349	3.01322
195	360	2.99051
196	12	2.73688
196	72	1.58334
196	80	2.46354
196	335	3.50777
196	476	0.839508
197	45	0.48511
197	280	1.08979
197	361	2.57782
197	474	2.74995
197	501	3.50195
198	95	0.96406
198	317	0.728897
198	337	3.49216
198	428	2.31745
198	479	3.81638
199	249	0.98555
199	385	2.85139
199	453	3.9894
199	463	1.74194
199	491	1.61327
200	317	2.24046
200	459	1.20692
200	482	1.14079
200	496	2.93475
200	503	3.68501
201	205	1.76657
201	251	1.5191
201	429	2.08838
201	442	2.45164
201	512	3.35411
202	117	1.53713
202	259	2.01401
202	299	3.13512
202	489	4.27559
202	494	0.238358
203	103	2.39361
203	359	2.28248
203	398	2.65011
203	402	2.89331
203	495	0.964692
204	192	1.43228
204	371	0.385669
204	465	3.3545
204	494	2.54154
204	504	3.46607
205	52	1.40893
205	201	1.76657
205	209	3.19315
205	233	0.229776
205	413	1.66944
205	512	6.88249
206	216	0.878636
206	275	0.0820936
206	293	1.89034
206	380	2.60386
206	485	4.91673
206	495	4.33731
207	324	2.33469
207	373	0.0744169
207	403	2.4872
207	441	2.57446
207	459	3.00555
207	478	4.87279
208	248	4.40908
208	440	1.94371
208	448	6.50766e-05
208	472	3.14857
208	480	2.4332
208	491	2.76271
209	205	3.19315
209	295	1.00836
209	451	1.83802
209	478	1.33065
209	499	3.45627
209	503	3.66292
210	83	1.26144
210	143	0.693611
210	156	0.674555
210	441	3.66588
210	454	3.513
210	484	4.83947
211	186	1.65722
211	245	2.91812
211	250	1.47026
211	446	2.09322
211	478	2.7186
211	485	3.81896
212	40	1.51789
212	332	1.85026
212	454	0.994599
212	468	3.46443
212	473	3.35156
212	500	3.55474
213	242	0.675328
213	268	0.753021
213	426	0.00711804
213	458	3.45304
213	509	4.61158
213	510	5.45974
214	326	0.829436
214	394	1.70569
214	449	1.22441
214	484	4.40842
214	486	2.78632
214	496	3.74209
215	228	0.260214
215	407	0.200215
215	470	2.14924
215	481	3.38561
215	496	4.20862
215	505	4.49264
216	206	0.878636
216	397	1.41333
216	445	1.63713
216	476	2.69505
216	506	2.99576
216	509	5.07694
217	326	0.985099
217	377	0.195779
217	441	1.73884
217	462	4.55263
217	472	3.69021
217	492	3.67819
218	100	1.26474
218	189	0.766183
218	338	2.81676
218	389	2.38438
218	453	3.79133
218	474	3.82265
219	86	2.25524
219	311	4.09033
219	353	1.80422
219	395	2.15761
219	448	0.00338157
219	488	4.48776
220	61	1.53055
220	424	0.895575
220	429	1.03558
220	500	2.00227
220	501	2.41125
220	511	6.82632
221	140	0.853307
221	479	1.4919
221	489	2.07751
221	503	2.91718
221	505	2.75774
221	511	4.59961
222	262	1.32119
222	395	3.26949
222	451	3.48015
222	452	1.79385
222	456	0.90142
222	494	3.69234
223	10	1.96249
223	163	0.728568
223	259	2.21267
223	329	4.20475
223	363	2.75972
223	385	2.62526
224	35	2.00544
224	141	1.77814
224	261	3.01064
224	383	3.49362
224	475	0.971665
224	495	3.44307
225	100	2.40476
225	255	0.162177
225	318	1.28133
225	486	3.01551
225	499	3.31196
225	509	4.7055
226	7	0.885
226	343	0.0290868
226	479	4.02392
226	481	0.0850258
226	506	5.45118
226	509	4.55388
227	52	2.80454
227	100	1.93041
227	112	1.60454
227	342	3.36494
227	346	0.684349
227	469	4.30808
228	215	0.260214
228	352	0.794214
228	453	2.48105
228	464	3.60938
228	477	3.37122
228	503	4.17584
229	92	0.556377
229	240	1.25669
229	380	3.65224
229	421	3.44314
229	471	1.00892
229	491	5.03191
230	79	0.213297
230	144	1.18936
230	302	3.50187
230	307	1.85199
230	436	3.74372
230	448	4.12075
231	19	1.11436
231	347	0.380385
231	390	1.63266
231	410	1.48688
231	435	4.41204
231	511	5.67386
232	62	2.45393
232	142	1.47343
232	331	1.37975
232	426	0.00179309
232	458	4.98515
232	509	4.59132
233	41	1.76838
233	178	4.40908
233	205	0.229776
233	458	1.55075
233	495	2.37441
233	512	4.36585
234	8	0.736602
234	161	0.583032
234	304	4.39768
234	359	1.90991
234	470	2.7772
234	488	4.28061
235	96	0.116348
235	300	1.03274
235	425	1.50561
235	483	2.60181
235	486	5.58662
235	510	5.40638
236	265	0.0518148
236	372	1.63143
236	434	0.154957
236	464	3.51186
236	507	4.25655
236	509	5.09347
237	21	2.80454
237	112	1.60454
237	432	0.460843
237	473	2.91866
237	474	2.54021
237	503	4.36912
238	189	2.22924
238	290	0.870543
238	320	2.35097
238	332	2.22263
238	451	3.34948
238	491	3.83073
239	123	2.59844
239	357	0.323761
239	374	0.883078
239	382	3.10513
239	406	3.70084
239	466	4.0851
240	192	1.7738
240	229	1.25669
240	247	0.701751
240	461	2.01354
240	503	5.24409
240	510	4.11696
241	255	1.90285
241	292	0.359701
241	326	4.13533e-05
241	483	3.60622
241	486	4.41938
241	491	4.41009
242	213	0.675328
242	267	1.70134
242	354	0.141705
242	406	3.20221
242	486	5.56192
242	495	4.96629
243	245	0.987938
243	348	0.47196
243	452	2.09163
243	453	4.80672
243	460	2.31016
243	463	4.01047
244	103	1.81071
244	265	2.54174
244	268	1.95758
244	324	0.039503
244	369	3.97862
244	423	4.32057
245	211	2.91812
245	243	0.987938
245	375	1.06045
245	403	1.85296
245	467	1.49531
245	511	6.38767
246	22	2.38222
246	329	1.34275
246	391	1.34899
246	429	0.583453
246	499	4.62926
246	509	4.52242
247	140	0.891868
247	149	3.70733
247	166	2.02126
247	240	0.701751
247	459	3.17402
247	473	4.20165
248	48	0.106466
248	70	0.0250245
248	208	4.40908
248	464	2.64386
248	477	3.43688
248	508	4.07628
249	199	0.98555
249	322	0.0676158
249	357	2.22062
249	368	2.88236
249	405	4.82344
249	479	4.29676
250	1	0.556619
250	179	0.268194
250	211	1.47026
250	478	3.64805
250	498	2.94531
250	508	5.8151
251	179	0.937995
251	201	1.5191
251	336	3.17086
251	337	0.614185
251	490	3.36809
251	505	4.78649
252	79	1.91478
252	338	2.22268
252	361	0.423982
252	437	2.02826
252	476	4.35803
252	498	3.69829
253	174	0.0191486
253	181	1.44028
253	345	0.947195
253	486	5.68381
253	487	4.30562
253	496	3.85406
254	91	0.823587
254	492	1.9538
254	496	2.17336
254	499	2.71697
254	505	2.62003
254	509	4.52242
255	225	0.162177
255	241	1.90285
255	389	1.57331
255	428	1.974
255	483	4.40908
255	508	4.67527
256	362	0.424176
256	443	0.00577555
256	496	4.40882
256	502	3.52034
256	503	3.13931
256	506	3.199
257	173	0.833269
257	311	1.20533
257	391	4.35029
257	451	1.7428
257	458	1.84639
257	512	4.66149
258	350	2.21345
258	407	1.09793
258	437	2.38361
258	490	2.43563
258	493	4.58319
258	497	1.97283
259	84	2.20454
259	111	2.20454
259	202	2.01401
259	223	2.21267
259	320	3.62459
259	371	2.4356
260	129	2.39766
260	361	0.347126
260	458	2.85889
260	465	2.01182
260	493	3.75057
260	500	3.33293
261	224	3.01064
261	263	1.33158
261	285	1.06052
261	392	2.05272
261	453	3.89296
261	469	3.34911
262	222	1.32119
262	435	1.10032
262	439	0.8548
262	473	3.56174
262	506	4.04549
262	508	3.82058
263	153	0.00231909
263	261	1.33158
263	299	1.87696
263	420	2.69058
263	450	4.45996
263	486	4.40078
264	71	1.03118
264	320	0.299119
264	341	2.34926
264	375	1.78541
264	508	3.62689
264	511	5.33039
265	236	0.0518148
265	244	2.54174
265	292	1.70858
265	328	0.935595
265	484	2.69888
265	511	6.75907
266	280	1.3566
266	300	0.757411
266	385	1.29163
266	424	3.11818
266	493	4.01603
266	504	4.15748
267	137	0.904619
267	242	1.70134
267	386	0.00153676
267	401	1.1671
267	502	6.58139
267	510	4.7261
268	213	0.753021
268	244	1.95758
268	350	1.43725
268	359	1.12236
268	428	4.40203
268	502	5.01765
269	41	3.83145
269	74	0.0671251
269	131	0.931191
269	327	4.40819
269	360	1.37073
269	500	4.08786
270	20	0.221075
270	317	2.85103
270	404	0.966609
270	406	1.58925
270	464	3.20464
270	512	5.89607
271	342	0.908992
271	454	1.5698
271	473	2.41082
271	489	2.22024
271	493	2.18883
271	511	5.39956
272	155	1.57024
272	282	2.70317
272	380	2.389
272	455	3.62677
272	505	1.04758
272	511	3.36183
273	307	0.0281974
273	325	2.42723
273	356	2.28485
273	415	3.94656
273	467	1.73828
273	490	4.27752
273	500	3.82348
274	193	0.522178
274	299	1.63588
274	454	0.478377
274	455	3.55871
274	466	3.39113
274	469	3.85657
274	488	5.13308
275	39	1.32251
275	59	1.50077
275	206	0.0820936
275	402	2.18852
275	460	5.46906
275	489	4.10814
275	500	3.84467
276	92	0.49977
276	195	1.60327
276	368	2.22936
276	417	0.607018
276	473	3.56087
276	483	4.94906
276	506	5.07102
277	316	4.00906
277	366	1.26972
277	470	1.26953
277	478	2.24096
277	488	2.77295
277	508	3.7513
277	509	3.90048
278	4	0.710215
278	159	1.04469
278	313	4.65871
278	430	2.39951
278	433	1.03509
278	465	3.72593
278	472	5.08391
279	131	0.38089
279	368	1.47729
279	479	2.89169
279	502	4.52104
279	503	4.25925
279	505	3.95567
279	507	1.04272
280	197	1.08979
280	266	1.3566
280	363	4.17556
280	386	0.0155658
280	413	5.94187
280	460	3.26365
280	462	3.14715
281	282	2.9638
281	305	2.94857
281	411	1.8187
281	431	1.26256
281	443	1.86944
281	477	4.28862
281	479	3.72568
282	10	3.63679
282	145	1.50326
282	154	2.82975
282	161	2.29122
282	177	2.59228
282	272	2.70317
282	281	2.9638
283	57	1.34415
283	403	0.62979
283	431	1.25863
283	463	2.59827
283	468	4.98275
283	473	3.63886
283	484	4.12431
284	66	1.96478
284	313	2.69238
284	396	1.55525
284	439	2.19951
284	445	2.6633
284	485	4.55304
284	496	2.89211
285	37	2.18673
285	124	4.05994
285	261	1.06052
285	305	0.125278
285	426	3.84999
285	440	4.49541
285	452	2.73773
286	87	3.12138
286	186	3.50919
286	341	1.90959
286	390	2.12533
286	391	1.14133
286	458	2.90694
286	472	3.67047
287	33	1.70222
287	56	2.0006
287	122	1.85374
287	328	2.56612
287	356	3.13665
287	388	3.55843
287	391	3.64355
288	155	0.641222
288	175	1.21982
288	337	0.235559
288	338	1.87665
288	485	4.33673
288	496	3.96119
288	511	6.24973
289	301	0.904948
289	330	0.464208
289	364	5.46033
289	442	0.0908964
289	469	2.26071
289	505	3.96628
289	512	5.36365
290	86	0.000355353
290	130	2.13836
290	157	1.42468
290	238	0.870543
290	371	1.37715
290	435	5.56172
290	512	7.15292
291	31	2.85105
291	91	2.70503
291	384	1.71264
291	392	1.88428
291	419	1.88531
291	430	1.77712
291	510	5.7047
292	118	0.94357
292	241	0.359701
292	265	1.70858
292	432	3.84816
292	496	3.84701
292	501	3.52035
292	505	4.29368
293	206	1.89034
293	353	1.45619
293	363	3.40633
293	369	2.39937
293	454	3.81319
293	479	2.0654
293	503	3.49067
294	16	0.454096
294	133	1.3196
294	417	3.22251
294	443	2.86396
294	489	5.10395
294	490	1.76112
294	505	3.79457
295	47	1.95645
295	85	1.99571
295	209	1.00836
295	319	3.01526
295	399	3.07304
295	424	2.92392
295	510	4.73576
296	313	2.61575
296	382	2.45087
296	390	3.20539
296	409	2.49958
296	413	2.19222
296	481	0.605244
296	509	5.13749
297	389	0.738903
297	422	0.422145
297	453	2.41895
297	482	4.83022
297	485	2.88184
297	492	3.14393
297	509	4.09771
298	157	2.36179
298	382	1.4077
298	447	1.93989
298	484	2.21474
298	487	3.34072
298	493	3.83551
298	497	3.4192
299	13	2.42096
299	138	2.07327
299	187	2.51555
299	202	3.13512
299	263	1.87696
299	274	1.63588
299	482	4.86301
300	235	1.03274
300	266	0.757411
300	320	2.78173
300	475	3.2606
300	488	5.13115
300	489	2.54237
300	506	3.01356
301	2	1.94854
301	289	0.904948
301	404	3.16239
301	416	3.67661
301	461	0.0854012
301	462	3.2713
301	505	5.47084
302	73	0.475534
302	164	2.1302
302	230	3.50187
302	423	2.06273
302	449	2.60985
302	451	2.94622
302	500	4.79426
303	114	1.626
303	394	0.203765
303	397	1.81268
303	417	2.5541
303	456	2.51675
303	484	4.45434
303	497	5.35252
304	26	0.554946
304	56	1.56528
304	133	1.64783
304	234	4.39768
304	412	2.78014
304	502	1.16427
304	503	6.41599
305	90	2.6075
305	281	2.94857
305	285	0.125278
305	390	1.73639
305	496	3.48906
305	497	2.99337
305	502	4.62035
306	31	0.00652567
306	148	0.370986
306	367	1.24326
306	453	5.8154
306	461	1.65185
306	505	4.57882
306	510	5.16779
307	230	1.85199
307	273	0.0281974
307	438	3.23665
307	450	1.92017
307	480	2.31691
307	502	4.77269
307	503	4.39166
308	44	2.33872
308	67	0.389345
308	409	0.00232094
308	448	2.70438
308	463	3.7109
308	474	3.29631
308	509	6.18591
309	17	2.82637
309	129	1.11228
309	354	2.36464
309	490	1.32829
309	497	0.86549
309	502	6.66161
309	505	3.36174
310	345	0.64845
310	410	1.65687
310	443	0.485563
310	479	5.07026
310	480	2.63241
310	484	3.34056
310	502	4.6866
311	12	1.40863
311	34	2.39983
311	193	1.04127
311	219	4.09033
311	257	1.20533
311	368	5.21864
311	512	3.15625
312	83	0.992087
312	116	2.33318
312	410	2.88642
312	416	0.0057835
312	461	2.30458
312	480	3.86196
312	488	4.53521
312	510	5.82051
313	54	3.78756
313	75	2.70835
313	102	0.232939
313	278	4.65871
313	284	2.69238
313	296	2.61575
313	338	1.73776
313	434	4.0354
314	187	0.000710282
314	355	0.862006
314	415	4.04678
314	424	1.70726
314	446	1.8096
314	453	4.40494
314	474	5.04356
314	482	4.82961
315	104	0.000534863
315	155	2.65859
315	159	2.02511
315	375	3.23318
315	406	4.36038
315	445	3.56628
315	459	5.35961
315	467	1.44637
316	93	0.821446
316	123	2.77917
316	125	1.14999
316	277	4.00906
316	356	3.21721
316	397	3.32519
316	412	3.29602
316	456	4.02926
317	145	1.69673
317	198	0.728897
317	200	2.24046
317	270	2.85103
317	344	1.92121
317	405	2.36748
317	493	5.07829
317	508	5.74271
318	95	1.24932
318	160	0.881371
318	174	2.20047
318	225	1.28133
318	399	1.33574
318	456	5.40829
318	492	4.60928
318	509	5.56306
319	49	0.460072
319	142	0.511747
319	295	3.01526
319	417	3.19659
319	432	2.15356
319	448	2.56427
319	494	4.44913
319	499	6.35864
320	159	3.52522
320	238	2.35097
320	259	3.62459
320	264	0.299119
320	300	2.78173
320	383	0.773115
320	421	3.93756
320	480	5.19682
321	59	1.55717
321	127	0.206026
321	344	1.16164
321	399	0.905003
321	475	2.05822
321	495	4.52963
321	502	5.52938
321	511	6.68664
322	39	2.38401
322	249	0.0676158
322	376	2.68695
322	396	2.207
322	412	2.80085
322	416	3.11525
322	433	4.344
322	481	5.02609
323	368	2.80695
323	372	2.11084
323	384	1.88224
323	395	1.29382
323	410	1.65748
323	420	2.17269
323	508	5.13104
323	509	5.57288
324	62	1.74892
324	207	2.33469
324	244	0.039503
324	331	0.563089
324	345	3.55691
324	374	1.73453
324	496	6.46377
324	499	6.3637
325	40	0.00970772
325	53	1.52933
325	273	2.42723
325	419	2.35466
325	427	3.3969
325	448	3.29313
325	464	5.19306
325	496	4.42355
326	214	0.829436
326	217	0.985099
326	241	4.13533e-05
326	402	3.79663
326	415	2.1189
326	444	4.486
326	472	5.74227
326	491	4.67056
327	5	1.63673
327	269	4.40819
327	341	2.46055
327	408	3.87373
327	432	3.43156
327	456	4.43724
327	506	0.00017796
327	508	2.38058
328	152	0.0193184
328	265	0.935595
328	287	2.56612
328	368	2.40038
328	450	3.60629
328	459	3.59969
328	480	4.38561
328	484	5.11277
329	223	4.20475
329	246	1.34275
329	342	3.91752
329	351	2.32109
329	370	0.00548765
329	421	3.93739
329	450	4.39833
329	510	2.89317
330	166	2.92647
330	289	0.464208
330	367	2.91818
330	414	0.00311541
330	478	4.22505
330	485	3.12904
330	500	5.31004
330	503	3.65588
331	172	0.111466
331	232	1.37975
331	324	0.563089
331	405	1.49582
331	423	6.09186
331	463	2.54521
331	506	5.09595
331	510	5.32164
332	53	2.14985
332	178	4.16343
332	212	1.85026
332	238	2.22263
332	335	1.59014
332	380	3.86644
332	451	3.1405
332	458	3.64773
333	68	1.00313
333	71	4.61672
333	180	0.949273
333	336	1.28018
333	344	3.39092
333	463	2.98437
333	474	5.54873
333	491	2.85569
334	63	0.156778
334	68	2.05871
334	367	2.2755
334	434	2.67964
334	452	2.40343
334	467	3.09794
334	478	5.04428
334	504	5.22646
335	89	0.0354775
335	196	3.50777
335	332	1.59014
335	428	1.6754
335	469	2.53274
335	488	3.39833
335	498	3.18271
335	510	7.08929
336	80	0.255072
336	251	3.17086
336	333	1.28018
336	382	5.24109
336	471	0.290534
336	473	2.81506
336	502	4.64654
336	508	4.1003
336	511	5.80379
337	41	0.148646
337	198	3.49216
337	251	0.614185
337	288	0.235559
337	408	4.36077
337	440	3.72442
337	480	4.21391
337	490	4.1651
337	506	5.94677
338	11	2.47877
338	218	2.81676
338	252	2.22268
338	288	1.87665
338	313	1.73776
338	347	5.52431
338	393	1.1534
338	407	3.21327
338	497	6.28222
339	391	1.87863
339	400	1.99891
339	411	3.27374
339	420	2.83692
339	427	1.97176
339	458	3.64425
339	466	2.89097
339	477	4.56094
339	481	3.95495
340	25	0.387827
340	106	1.46281
340	388	3.19827
340	391	3.00422
340	436	2.41157
340	457	3.4751
340	464	2.51861
340	465	5.19303
340	488	5.34758
341	264	2.34926
341	286	1.90959
341	327	2.46055
341	364	1.90506
341	425	1.86829
341	455	3.17667
341	457	2.46763
341	471	3.94796
341	511	7.02196
342	227	3.36494
342	271	0.908992
342	329	3.91752
342	390	1.57459
342	395	3.11559
342	401	2.37742
342	418	5.21713
342	459	3.78254
342	498	2.76716
343	65	0.67158
343	132	2.14563
343	226	0.0290868
343	363	2.64104
343	449	2.07144
343	477	4.53476
343	481	1.90262
343	509	6.43486
343	511	6.87766
344	77	0.924673
344	80	1.12782
344	138	2.31639
344	317	1.92121
344	321	1.16164
344	333	3.39092
344	394	3.58959
344	430	6.97204
344	489	5.39244
345	253	0.947195
345	310	0.64845
345	324	3.55691
345	415	4.6529
345	446	3.74821
345	487	1.4521
345	494	3.73801
345	498	5.34666
345	504	2.91187
346	76	1.92147
346	227	0.684349
346	406	2.06835
346	459	3.78666
346	491	3.38643
346	500	1.95861
346	501	2.36759
346	510	5.01547
346	512	5.82388
347	17	2.57569
347	64	0.597815
347	85	1.28709
347	98	0.823184
347	231	0.380385
347	338	5.52431
347	381	1.74581
347	504	5.91959
347	511	8.14605
348	178	1.08563
348	243	0.47196
348	393	8.23979
348	454	2.04193
348	464	2.73578
348	474	2.50451
348	479	2.96585
348	482	3.0633
348	487	4.03472
349	21	1.95875
349	57	2.20588
349	190	1.94981
349	195	3.01322
349	355	2.79096
349	376	4.27894
349	432	1.25676
349	465	5.71291
349	487	3.83072
350	258	2.21345
350	268	1.43725
350	380	3.61881
350	393	2.08328
350	459	3.51749
350	471	3.79619
350	481	5.75298
350	498	2.50211
350	501	2.09842
351	329	2.32109
351	377	1.36202
351	381	0.952283
351	445	2.35841
351	457	1.95567
351	492	1.1751
351	494	4.20154
351	503	5.81425
351	504	5.12607
351	508	6.35623
352	2	0.920066
352	8	2.63173
352	76	2.39545
352	116	1.86276
352	155	2.95576
352	228	0.794214
352	365	3.24689
352	476	4.92138
352	490	5.59732
352	495	6.30137
353	98	2.39666
353	219	1.80422
353	293	1.45619
353	395	1.4194
353	430	2.0723
353	431	0.000100441
353	470	3.06751
353	499	5.50784
353	507	7.09421
353	512	6.80828
354	107	0.496908
354	155	2.57771
354	158	1.63864
354	242	0.141705
354	309	2.36464
354	438	2.31119
354	444	4.23296
354	482	5.17691
354	486	8.08743
354	487	6.14833
355	314	0.862006
355	349	2.79096
355	381	0.00290264
355	440	2.96259
355	454	2.83377
355	459	5.26094
355	474	3.29634
355	491	3.78159
355	498	4.24556
355	507	5.61326
356	36	0.879188
356	81	1.02743
356	168	3.49522
356	273	2.28485
356	287	3.13665
356	316	3.21721
356	359	0.918056
356	408	4.80554
356	486	4.94229
356	503	6.64831
357	8	2.23169
357	141	0.911544
357	239	0.323761
357	249	2.22062
357	394	4.13261
357	428	4.05277
357	432	3.01099
357	491	5.57561
357	493	2.92656
357	508	6.23675
358	34	1.01832
358	365	1.61481
358	403	2.69079
358	420	3.75672
358	423	1.70841
358	424	2.16242
358	447	3.57201
358	472	4.72943
358	489	4.70341
358	509	5.67119
359	34	2.1798
359	203	2.28248
359	234	1.90991
359	268	1.12236
359	356	0.918056
359	425	0.00398334
359	463	4.35766
359	476	4.45078
359	484	5.8837
359	510	8.87127
360	87	0.860712
360	195	2.99051
360	269	1.37073
360	366	3.75177
360	376	4.35877
360	386	1.75724
360	397	2.79189
360	415	4.3456
360	476	4.2367
360	482	5.12844
361	78	0.14481
361	197	2.57782
361	252	0.423982
361	260	0.347126
361	437	2.70026
361	479	4.36191
361	480	4.05631
361	486	8.08388
361	498	4.37029
361	502	6.1105
362	23	4.14286
362	61	1.53049
362	149	2.88453
362	169	3.60835
362	256	0.424176
362	390	3.47336
362	467	1.76806
362	468	4.91169
362	475	4.63372
362	501	4.26224
363	144	1.03069
363	223	2.75972
363	280	4.17556
363	293	3.40633
363	343	2.64104
363	405	4.12419
363	433	3.998
363	497	0.726746
363	505	3.22299
363	511	5.53724
364	42	0.603997
364	166	0.149448
364	289	5.46033
364	341	1.90506
364	380	3.23957
364	389	3.51717
364	398	3.63772
364	442	3.7335
364	464	5.18671
364	468	4.04821
365	137	0.469613
365	181	3.12652
365	352	3.24689
365	358	1.61481
365	423	2.44329
365	430	2.64837
365	433	2.62393
365	468	3.55442
365	470	6.57125
365	492	5.32075
366	95	3.3864
366	167	1.99472
366	277	1.26972
366	360	3.75177
366	372	4.23811
366	395	3.42108
366	430	4.07399
366	440	1.60463
366	492	2.75418
366	506	5.12773
367	50	2.36105
367	114	2.36105
367	154	1.07492
367	306	1.24326
367	330	2.91818
367	334	2.2755
367	450	4.79521
367	457	3.70778
367	467	3.90713
367	510	7.00922
368	1	2.15731
368	48	2.15492
368	249	2.88236
368	276	2.22936
368	279	1.47729
368	311	5.21864
368	323	2.80695
368	328	2.40038
368	411	4.02614
368	480	4.51888
368	492	6.61119
369	6	0.280043
369	187	3.04009
369	244	3.97862
369	293	2.39937
369	404	2.822
369	430	3.01547
369	435	2.62472
369	475	3.64355
369	477	1.60544
369	487	6.35897
369	507	6.71824
370	153	2.80446
370	329	0.00548765
370	378	1.20083
370	392	1.33588
370	398	1.72428
370	440	2.70826
370	453	3.17612
370	500	3.62363
370	507	5.35893
370	509	4.85488
370	510	10.2006
371	204	0.385669
371	259	2.4356
371	290	1.37715
371	426	0.00101752
371	459	3.20291
371	478	3.34872
371	481	3.34316
371	488	4.53742
371	501	4.60408
371	503	5.68099
371	509	7.8754
372	4	1.55341
372	56	2.03419
372	105	2.22997
372	139	2.97529
372	236	1.63143
372	323	2.11084
372	366	4.23811
372	378	5.88664
372	441	3.97573
372	460	3.27464
372	508	6.71968
373	121	2.46018
373	135	3.0023
373	156	0.614662
373	207	0.0744169
373	408	2.27847
373	432	1.83631
373	469	3.73543
373	478	8.4383
373	488	4.60102
373	501	4.66767
373	505	5.441
374	158	0.00419234
374	239	0.883078
374	324	1.73453
374	406	2.56133
374	434	1.64847
374	465	2.56769
374	472	3.92568
374	488	8.4652
374	499	4.67682
374	506	4.94316
374	510	5.16886
375	170	0.833179
375	245	1.06045
375	264	1.78541
375	315	3.23318
375	380	6.02743
375	417	3.70878
375	426	4.17509
375	435	3.68856
375	456	3.67143
375	471	3.38411
375	481	5.16342
376	87	1.57953
376	119	1.02693
376	126	1.35651
376	166	2.98237
376	322	2.68695
376	349	4.27894
376	360	4.35877
376	393	1.53291
376	476	4.95551
376	494	5.00051
376	506	6.67291
377	62	2.39411
377	187	2.29317
377	217	0.195779
377	351	1.36202
377	399	1.66739
377	400	1.98891
377	440	3.74809
377	484	4.94574
377	489	4.92693
377	495	6.57065
377	507	6.39876
378	165	0.875749
378	370	1.20083
378	372	5.88664
378	408	3.75897
378	410	3.45493
378	420	2.68741
378	452	2.59244
378	458	4.38233
378	464	4.506
378	470	3.45666
378	483	3.58445
379	17	1.32609
379	58	2.45146
379	66	2.45146
379	91	0.489775
379	192	3.40556
379	398	3.40343
379	436	2.55694
379	455	4.24306
379	467	3.73337
379	497	5.30412
379	507	7.03808
380	101	0.259701
380	164	1.26519
380	206	2.60386
380	229	3.65224
380	272	2.389
380	332	3.86644
380	350	3.61881
380	364	3.23957
380	375	6.02743
380	438	2.68236
380	506	6.87789
381	347	1.74581
381	351	0.952283
381	355	0.00290264
381	390	4.88681
381	415	3.44805
381	450	3.02952
381	453	3.80621
381	474	3.6721
381	488	4.35744
381	492	4.53119
381	498	6.07938
382	3	2.69555
382	106	2.07718
382	179	3.00822
382	239	3.10513
382	296	2.45087
382	298	1.4077
382	336	5.24109
382	402	4.20209
382	412	3.46967
382	428	4.23903
382	483	4.58633
383	168	1.1731
383	186	2.67709
383	224	3.49362
383	320	0.773115
383	422	2.37913
383	445	2.61489
383	453	3.67653
383	476	3.6728
383	482	4.80061
383	491	4.72707
383	499	6.72581
384	129	1.48799
384	163	1.31826
384	291	1.71264
384	323	1.88224
384	423	2.67749
384	434	0.00182683
384	472	5.6985
384	490	4.93431
384	493	5.82666
384	502	7.21678
384	507	3.73845
385	176	0.763923
385	190	1.45129
385	199	2.85139
385	223	2.62526
385	266	1.29163
385	438	3.07344
385	464	1.95196
385	465	4.62638
385	467	4.71347
385	472	6.57237
385	492	6.56035
386	46	0.524974
386	267	0.00153676
386	280	0.0155658
386	360	1.75724
386	387	1.2996
386	420	2.30543
386	437	2.69244
386	477	4.91704
386	493	4.89202
386	510	11.4073
386	511	7.25994
387	4	2.39389
387	123	2.17678
387	146	3.33279e-05
387	174	2.56228
387	386	1.2996
387	390	3.43798
387	439	3.69078
387	472	4.98312
387	473	6.39773
387	480	4.26775
387	491	4.59726
387	508	5.7757
388	5	1.36698
388	32	1.15914
388	34	2.40119
388	90	1.66997
388	287	3.55843
388	340	3.19827
388	394	0.0842282
388	431	3.23941
388	453	5.3753
388	461	2.34379
388	506	7.12979
388	511	10.0435
389	124	0.0199035
389	218	2.38438
389	255	1.57331
389	297	0.738903
389	364	3.51717
389	407	2.78089
389	422	3.40419
389	429	3.70694
389	463	4.60475
389	476	4.69787
389	482	8.00467
389	492	6.12598
390	231	1.63266
390	286	2.12533
390	296	3.20539
390	305	1.73639
390	342	1.57459
390	362	3.47336
390	381	4.88681
390	387	3.43798
390	396	2.53008
390	442	3.97084
390	457	4.84399
390	510	8.14543
391	246	1.34899
391	257	4.35029
391	286	1.14133
391	287	3.64355
391	339	1.87863
391	340	3.00422
391	438	2.74021
391	468	1.18817
391	488	3.37304
391	490	5.15406
391	499	6.6694
391	510	7.16143
392	21	0.758002
392	79	3.68524
392	101	0.000184976
392	261	2.05272
392	291	1.88428
392	370	1.33588
392	410	4.17924
392	446	3.8703
392	455	4.52093
392	479	5.52265
392	503	6.94793
392	509	6.81191
393	18	2.02703
393	58	0.0531991
393	134	3.07758
393	338	1.1534
393	348	8.23979
393	350	2.08328
393	376	1.53291
393	492	4.31285
393	497	4.03672
393	499	5.07601
393	501	4.20575
393	507	5.77068
394	97	0.564709
394	184	2.14429
394	214	1.70569
394	303	0.203765
394	344	3.58959
394	357	4.13261
394	388	0.0842282
394	414	3.63681
394	465	5.26053
394	490	6.32247
394	497	5.85967
394	507	8.06433
395	142	2.59199
395	219	2.15761
395	222	3.26949
395	323	1.29382
395	342	3.11559
395	353	1.4194
395	366	3.42108
395	407	1.75298
395	453	6.75772
395	468	3.33173
395	501	4.99097
395	511	7.60616
396	59	2.54209
396	284	1.55525
396	322	2.207
396	390	2.53008
396	441	3.22411
396	469	4.12412
396	479	4.76571
396	495	5.23562
396	498	3.72266
396	500	2.90999
396	501	3.31897
396	504	5.44509
397	185	0.00581815
397	216	1.41333
397	303	1.81268
397	316	3.32519
397	360	2.79189
397	412	3.12045
397	433	3.08967
397	440	3.33378
397	452	3.2451
397	461	3.52575
397	494	5.14359
397	503	6.7563
397	512	9.30859
398	8	2.45497
398	38	2.45497
398	134	0.471281
398	194	4.10658
398	203	2.65011
398	364	3.63772
398	370	1.72428
398	379	3.40343
398	413	3.70024
398	433	8.68783
398	447	4.49108
398	451	5.39143
398	452	3.70513
399	295	3.07304
399	318	1.33574
399	321	0.905003
399	377	1.66739
399	422	1.94234
399	455	3.81261
399	483	3.60043
399	487	2.79207
399	493	5.28998
399	494	5.07798
399	499	5.91297
399	504	4.25184
399	512	7.2134
400	99	0.739607
400	339	1.99891
400	377	1.98891
400	408	2.12491
400	450	3.11953
400	452	4.924
400	460	5.14254
400	474	3.76211
400	485	4.35911
400	486	3.88499
400	500	4.34374
400	504	4.90284
400	509	5.57498
401	122	1.52274
401	173	2.59528
401	267	1.1671
401	342	2.37742
401	414	2.55295
401	440	3.16705
401	443	2.74896
401	450	2.85822
401	496	4.57945
401	497	4.08376
401	503	8.75893
401	504	4.64153
401	507	5.81772
402	30	1.43817
402	203	2.89331
402	275	2.18852
402	326	3.79663
402	382	4.20209
402	404	3.62387
402	427	4.06574
402	446	4.5019
402	461	0.00052908
402	497	2.25154
402	498	6.10035
402	505	4.74779
402	511	7.06204
403	40	4.08241
403	96	1.8984
403	207	2.4872
403	245	1.85296
403	283	0.62979
403	358	2.69079
403	416	0.374804
403	428	4.50005
403	429	4.36368
403	438	3.2307
403	447	4.64128
403	482	8.66141
403	506	7.42623
404	180	0.691578
404	185	2.21048
404	270	0.966609
404	301	3.16239
404	369	2.822
404	402	3.62387
404	422	2.22366
404	458	4.80599
404	484	1.94741
404	494	5.3593
404	502	6.90833
404	504	4.53317
404	512	7.62109
405	76	1.91463
405	102	2.73442
405	107	2.69233
405	171	3.81147
405	249	4.82344
405	317	2.36748
405	331	1.49582
405	363	4.12419
405	436	2.74295
405	440	4.65987
405	474	4.99362
405	481	5.41192
405	490	5.10054
406	11	2.65183
406	112	1.22506
406	239	3.70084
406	242	3.20221
406	270	1.58925
406	315	4.36038
406	346	2.06835
406	374	2.56133
406	413	4.18514
406	444	2.16195
406	454	7.74391
406	457	4.68518
406	492	6.73142
407	178	2.80028
407	215	0.200215
407	258	1.09793
407	338	3.21327
407	389	2.78089
407	395	1.75298
407	439	2.46263
407	445	4.22854
407	491	5.17539
407	496	4.45735
407	498	4.68888
407	502	6.4291
407	511	7.58635
408	125	1.11499
408	136	0.627162
408	327	3.87373
408	337	4.36077
408	356	4.80554
408	373	2.27847
408	378	3.75897
408	400	2.12491
408	418	1.09545
408	463	4.40581
408	481	5.48625
408	499	6.69021
408	504	6.20868
409	26	1.29319
409	128	2.37086
409	185	2.83741
409	189	0.642673
409	296	2.49958
409	308	0.00232094
409	424	2.76176
409	445	3.69839
409	446	4.2616
409	467	4.33754
409	474	7.49557
409	502	7.53526
409	506	7.21393
410	58	2.12901
410	136	1.39945
410	231	1.48688
410	310	1.65687
410	312	2.88642
410	323	1.65748
410	378	3.45493
410	392	4.17924
410	414	3.77476
410	450	5.24278
410	455	3.70249
410	489	7.30213
410	510	7.99965
411	106	2.06008
411	110	2.40213
411	141	1.08071
411	191	2.21312
411	281	1.8187
411	339	3.27374
411	368	4.02614
411	429	2.83596
411	436	3.00885
411	454	4.79694
411	467	4.27173
411	480	6.01136
411	504	6.40024
411	512	8.18221
412	37	2.34835
412	122	0.69307
412	133	3.42679
412	160	2.0294
412	304	2.78014
412	316	3.29602
412	322	2.80085
412	382	3.46967
412	397	3.12045
412	421	3.7947
412	448	9.17171
412	466	4.25253
412	492	5.75731
412	498	5.36794
413	33	1.69779
413	62	1.38177
413	144	3.58553
413	205	1.66944
413	280	5.94187
413	296	2.19222
413	398	3.70024
413	406	4.18514
413	415	4.79393
413	425	4.30213
413	434	3.61188
413	451	5.02198
413	460	3.23662
413	503	6.84688
414	121	3.13906
414	139	0.529835
414	175	2.13294
414	181	3.25943
414	330	0.00311541
414	394	3.63681
414	401	2.55295
414	410	3.77476
414	477	5.61885
414	485	5.24984
414	495	5.52581
414	498	5.06428
414	503	5.77668
414	505	6.11988
415	1	2.88632
415	33	2.40038
415	93	2.1996
415	134	1.70509
415	273	3.94656
415	314	4.04678
415	326	2.1189
415	345	4.6529
415	360	4.3456
415	381	3.44805
415	413	4.79393
415	419	4.56324
415	433	4.64338
415	496	6.63213
416	147	0.0948099
416	301	3.67661
416	312	0.0057835
416	322	3.11525
416	403	0.374804
416	434	3.80652
416	443	3.81772
416	465	4.72575
416	468	4.72776
416	469	5.03238
416	482	3.80939
416	488	6.91263
416	489	6.05771
416	504	6.35334
417	3	0.577708
417	32	1.58677
417	170	3.3541
417	276	0.607018
417	294	3.22251
417	303	2.5541
417	319	3.19659
417	375	3.70878
417	449	2.79148
417	458	3.63508
417	483	5.32728
417	501	6.42081
417	504	6.80954
417	512	8.59151
418	104	2.18704
418	111	0.31095
418	129	3.00111
418	133	3.40125
418	149	0.00499076
418	170	2.42856
418	183	2.20243
418	342	5.21713
418	408	1.09545
418	430	0.00380305
418	437	5.1402
418	454	5.87793
418	497	6.92347
418	510	14.8593
419	18	3.57333
419	60	2.39995
419	135	1.41369
419	170	1.08811
419	291	1.88531
419	325	2.35466
419	415	4.56324
419	451	5.00406
419	452	3.31776
419	454	4.53748
419	464	5.23133
419	468	4.09282
419	496	6.39685
419	505	6.52538
420	46	1.36779
420	50	2.15331
420	160	3.35692
420	263	2.69058
420	323	2.17269
420	339	2.83692
420	358	3.75672
420	378	2.68741
420	386	2.30543
420	445	3.4909
420	452	5.76202
420	486	5.24072
420	502	7.32777
420	510	7.23213
421	63	2.39988
421	134	0.825619
421	149	2.66724
421	168	2.53292
421	229	3.44314
421	320	3.93756
421	329	3.93739
421	412	3.7947
421	423	3.45174
421	472	1.98107
421	486	5.72452
421	489	4.02773
421	501	6.35364
421	508	7.3065
422	17	1.44739
422	61	2.4006
422	76	1.76347
422	151	2.127
422	297	0.422145
422	383	2.37913
422	389	3.40419
422	399	1.94234
422	404	2.22366
422	465	4.35559
422	482	5.40126
422	504	9.14843
422	507	7.15939
422	511	8.20965
423	137	2.85923
423	190	0.305281
423	244	4.32057
423	302	2.06273
423	331	6.09186
423	358	1.70841
423	365	2.44329
423	384	2.67749
423	421	3.45174
423	447	3.65891
423	462	2.65741
423	493	5.55452
423	510	6.66955
423	511	7.92244
424	220	0.895575
424	266	3.11818
424	295	2.92392
424	314	1.70726
424	358	2.16242
424	409	2.76176
424	444	3.75644
424	465	6.45293
424	467	3.1538
424	480	3.98024
424	487	5.6718
424	488	4.82693
424	492	5.00069
424	503	5.9705
425	66	1.11684
425	82	2.18401
425	114	0.904638
425	235	1.50561
425	341	1.86829
425	359	0.00398334
425	413	4.30213
425	434	3.51258
425	450	4.27609
425	483	4.22839
425	500	5.5003
425	507	7.23559
425	508	6.58236
425	510	9.56704
426	82	1.54403
426	127	1.5686
426	140	3.20379
426	145	2.33492
426	150	4.24756
426	213	0.00711804
426	232	0.00179309
426	285	3.84999
426	371	0.00101752
426	375	4.17509
426	453	6.26923
426	481	6.65458
426	500	6.71675
426	501	6.88712
426	509	11.1868
427	38	0.881478
427	50	2.17575
427	65	2.39924
427	102	1.20641
427	165	1.96778
427	325	3.3969
427	339	1.97176
427	402	4.06574
427	442	3.07997
427	466	4.49458
427	477	3.9746
427	482	5.69906
427	505	6.66559
427	506	7.02887
427	507	9.08739
428	67	2.39295
428	138	3.43662
428	159	2.49947
428	198	2.31745
428	255	1.974
428	268	4.40203
428	335	1.6754
428	357	4.05277
428	382	4.23903
428	403	4.50005
428	439	3.96698
428	448	3.99892
428	473	6.67392
428	478	5.16422
428	504	6.8083
429	201	2.08838
429	220	1.03558
429	246	0.583453
429	389	3.70694
429	403	4.36368
429	411	2.83596
429	437	3.08129
429	444	0.664844
429	462	2.38376
429	468	8.71663
429	485	4.8786
429	492	5.1407
429	507	6.59852
429	508	5.94529
429	509	6.09448
430	130	0.538718
430	139	0.00548817
430	278	2.39951
430	291	1.77712
430	344	6.97204
430	353	2.0723
430	365	2.64837
430	366	4.07399
430	369	3.01547
430	418	0.00380305
430	489	5.73697
430	494	5.10807
430	501	5.64387
430	510	10.2318
430	511	8.25906
431	9	1.44679
431	105	0.214426
431	281	1.26256
431	283	1.25863
431	353	0.000100441
431	388	3.23941
431	444	4.31822
431	477	1.24429
431	486	4.82626
431	489	5.54847
431	492	5.56247
431	494	4.91958
431	502	9.83541
431	507	6.35709
431	511	8.07057
432	169	0.0602287
432	237	0.460843
432	292	3.84816
432	319	2.15356
432	327	3.43156
432	349	1.25676
432	357	3.01099
432	373	1.83631
432	458	4.73338
432	472	5.4969
432	484	4.83846
432	495	5.55704
432	504	7.42421
432	509	6.43866
432	512	7.54848
433	27	0.906638
433	162	0.00115056
433	176	3.3615
433	278	1.03509
433	322	4.344
433	363	3.998
433	365	2.62393
433	397	3.08967
433	398	8.68783
433	415	4.64338
433	457	3.68029
433	467	3.87964
433	473	5.24588
433	478	4.36407
433	511	8.23462
434	89	2.73996
434	140	3.35472
434	236	0.154957
434	313	4.0354
434	334	2.67964
434	374	1.64847
434	384	0.00182683
434	413	3.61188
434	416	3.80652
434	425	3.51258
434	470	4.48099
434	477	4.40236
434	506	7.18766
434	507	9.51515
434	508	6.96275
435	37	3.41529
435	120	0.418286
435	177	1.03789
435	231	4.41204
435	262	1.10032
435	290	5.56172
435	369	2.62472
435	375	3.68856
435	451	5.65259
435	459	4.99941
435	466	5.0029
435	471	4.1101
435	476	5.07957
435	477	4.41043
435	495	6.57984
436	42	2.32055
436	70	2.32055
436	135	0.86812
436	150	2.56692
436	230	3.74372
436	340	2.41157
436	379	2.55694
436	405	2.74295
436	411	3.00885
436	458	4.56208
436	471	10.3372
436	484	5.31839
436	485	5.05149
436	491	4.93974
436	493	5.45375
437	60	1.08083
437	252	2.02826
437	258	2.38361
437	361	2.70026
437	386	2.69244
437	418	5.1402
437	429	3.08129
437	459	5.12557
437	467	1.21233
437	485	6.10184
437	498	4.11019
437	500	3.29753
437	501	3.7065
437	505	7.03017
437	512	8.42754
438	133	1.45898
438	147	3.35318
438	307	3.23665
438	354	2.31119
438	380	2.68236
438	385	3.07344
438	391	2.74021
438	403	3.2307
438	446	3.2695
438	459	3.74905
438	466	3.75255
438	475	7.76661
438	487	5.92844
438	492	5.25732
438	506	6.28683
439	14	0.729053
439	51	0.540496
439	168	1.87991
439	262	0.8548
439	284	2.19951
439	387	3.69078
439	407	2.46263
439	428	3.96698
439	440	4.61488
439	442	2.88833
439	464	5.1799
439	473	10.6919
439	479	5.40997
439	490	5.05555
439	503	6.77753
439	510	7.06292
440	208	1.94371
440	285	4.49541
440	337	3.72442
440	355	2.96259
440	366	1.60463
440	370	2.70826
440	377	3.74809
440	397	3.33378
440	401	3.16705
440	405	4.65987
440	439	4.61488
440	462	4.47356
440	472	2.39835
440	478	5.86805
440	482	6.9302
440	512	7.36791
441	43	1.35353
441	75	2.89175
441	95	2.35041
441	143	2.62894
441	172	4.05549
441	184	2.02178
441	207	2.57446
441	210	3.66588
441	217	1.73884
441	372	3.97573
441	396	3.22411
441	462	3.72705
441	471	10.6616
441	478	5.12154
441	501	6.37689
441	510	7.73919
442	75	1.0311e-05
442	99	1.1013
442	152	3.21055
442	201	2.45164
442	289	0.0908964
442	364	3.7335
442	390	3.97084
442	427	3.07997
442	439	2.88833
442	474	4.64486
442	478	12.6765
442	480	4.8006
442	485	5.24186
442	491	5.13011
442	497	5.22782
442	508	6.30855
443	168	2.24154
443	256	0.00577555
443	281	1.86944
443	294	2.86396
443	310	0.485563
443	401	2.74896
443	416	3.81772
443	446	4.18153
443	477	6.33455
443	479	4.54741
443	484	6.17416
443	485	5.44585
443	494	5.52646
443	497	5.89323
443	500	5.89189
443	503	5.97269
444	24	1.62983
444	66	2.51817
444	74	1.51666
444	152	1.92264
444	326	4.486
444	354	4.23296
444	406	2.16195
444	424	3.75644
444	429	0.664844
444	431	4.31822
444	454	3.41112
444	470	5.50193
444	482	4.96257
444	488	8.06582
444	501	7.072
444	505	7.84533
445	9	1.82164
445	171	1.40653
445	182	3.35369
445	216	1.63713
445	284	2.6633
445	315	3.56628
445	351	2.35841
445	383	2.61489
445	407	4.22854
445	409	3.69839
445	420	3.4909
445	478	4.57487
445	491	8.95498
445	498	5.54794
445	509	6.8911
445	510	7.19252
446	3	0.485314
446	30	0.0551623
446	92	2.40196
446	142	2.1723
446	211	2.09322
446	314	1.8096
446	345	3.74821
446	392	3.8703
446	402	4.5019
446	409	4.2616
446	438	3.2695
446	443	4.18153
446	467	4.58863
446	474	12.6013
446	489	6.42151
446	493	6.57569
446	505	7.10175
447	15	4.29815
447	55	0.101139
447	85	2.31704
447	151	3.09334
447	194	0.956005
447	298	1.93989
447	358	3.57201
447	398	4.49108
447	403	4.64128
447	423	3.65891
447	452	5.5773
447	464	5.18809
447	470	4.99073
447	474	5.80881
447	475	5.73258
447	491	6.29406
447	499	7.43107
448	64	0.85545
448	126	1.60869
448	208	6.50766e-05
448	219	0.00338157
448	230	4.12075
448	308	2.70438
448	319	2.56427
448	325	3.29313
448	412	9.17171
448	428	3.99892
448	449	3.59747
448	468	7.877
448	478	4.53314
448	481	5.45479
448	489	5.88159
448	499	6.65876
448	512	7.95919
449	94	2.15088
449	110	0.804381
449	185	2.77821
449	214	1.22441
449	302	2.60985
449	343	2.07144
449	417	2.79148
449	448	3.59747
449	451	4.93409
449	458	5.44131
449	460	3.48478
449	469	5.08588
449	470	4.44805
449	483	7.13352
449	486	5.389
449	506	7.15473
449	509	7.079
449	512	8.18882
450	36	2.43046
450	42	1.71113
450	132	3.22455
450	263	4.45996
450	307	1.92017
450	328	3.60629
450	329	4.39833
450	367	4.79521
450	381	3.02952
450	400	3.11953
450	401	2.85822
450	410	5.24278
450	425	4.27609
450	459	5.4134
450	465	5.57571
450	476	7.94903
450	478	5.55922
450	488	6.74792
451	82	2.11808
451	181	0.577334
451	188	1.83983
451	209	1.83802
451	222	3.48015
451	238	3.34948
451	257	1.7428
451	302	2.94622
451	332	3.1405
451	398	5.39143
451	413	5.02198
451	419	5.00406
451	435	5.65259
451	449	4.93409
451	458	5.77768
451	483	7.46989
451	488	7.3945
451	500	7.29079
451	504	7.84989
452	192	2.06153
452	222	1.79385
452	243	2.09163
452	285	2.73773
452	334	2.40343
452	378	2.59244
452	397	3.2451
452	398	3.70513
452	400	4.924
452	419	3.31776
452	420	5.76202
452	447	5.5773
452	464	6.48984
452	471	3.48437
452	486	5.14574
452	487	6.55307
452	488	5.7082
452	509	6.83573
452	511	8.39005
453	4	3.33668
453	47	0.316498
453	199	3.9894
453	218	3.79133
453	228	2.48105
453	243	4.80672
453	261	3.89296
453	297	2.41895
453	306	5.8154
453	314	4.40494
453	370	3.17612
453	381	3.80621
453	383	3.67653
453	388	5.3753
453	395	6.75772
453	426	6.26923
453	456	4.38965
453	463	6.17713
453	493	7.83854
454	145	1.68412
454	176	1.30525
454	210	3.513
454	212	0.994599
454	271	1.5698
454	274	0.478377
454	293	3.81319
454	348	2.04193
454	355	2.83377
454	406	7.74391
454	411	4.79694
454	418	5.87793
454	419	4.53748
454	444	3.41112
454	460	4.46123
454	482	10.5445
454	503	8.07149
454	504	7.38331
454	505	7.76791
455	24	1.53688
455	94	3.11181
455	130	4.1352
455	272	3.62677
455	274	3.55871
455	341	3.17667
455	379	4.24306
455	392	4.52093
455	399	3.81261
455	410	3.70249
455	457	2.77549
455	460	4.4457
455	469	6.23627
455	489	3.89728
455	493	3.86587
455	494	6.44325
455	496	7.3057
455	503	8.05596
455	506	4.36847
456	81	1.83949
456	88	1.9716
456	106	2.3014
456	163	2.12234
456	222	0.90142
456	303	2.51675
456	316	4.02926
456	318	5.40829
456	327	4.43724
456	375	3.67143
456	453	4.38965
456	470	4.50733
456	475	4.44626
456	480	5.78721
456	493	6.63073
456	495	6.56271
456	499	7.43893
456	500	6.21309
456	510	7.74576
457	36	1.57779
457	89	2.95891
457	165	2.11903
457	340	3.4751
457	341	2.46763
457	351	1.95567
457	367	3.70778
457	390	4.84399
457	406	4.68518
457	433	3.68029
457	455	2.77549
457	462	3.62017
457	485	6.11502
457	491	6.00327
457	492	4.47278
457	493	6.34373
457	495	6.44926
457	501	6.27001
457	512	9.29804
458	43	0.353896
458	213	3.45304
458	232	4.98515
458	233	1.55075
458	257	1.84639
458	260	2.85889
458	286	2.90694
458	332	3.64773
458	339	3.64425
458	378	4.38233
458	404	4.80599
458	417	3.63508
458	432	4.73338
458	436	4.56208
458	449	5.44131
458	451	5.77768
458	471	5.27426
458	483	7.97712
458	507	9.12967
458	508	8.47644
459	122	4.07792
459	183	1.9179
459	200	1.20692
459	207	3.00555
459	247	3.17402
459	315	5.35961
459	328	3.59969
459	342	3.78254
459	346	3.78666
459	350	3.51749
459	355	5.26094
459	371	3.20291
459	435	4.99941
459	437	5.12557
459	438	3.74905
459	450	5.4134
459	471	4.51749
459	488	6.74132
459	505	7.58131
459	511	9.42317
460	25	2.0059
460	127	2.18508
460	169	2.71322
460	174	3.37408
460	243	2.31016
460	275	5.46906
460	280	3.26365
460	372	3.27464
460	400	5.14254
460	413	3.23662
460	449	3.48478
460	454	4.46123
460	455	4.4457
460	473	5.30226
460	481	5.3421
460	484	5.78771
460	488	5.60915
460	489	5.7689
460	495	9.72428
460	499	6.54606
461	52	2.75265
461	148	3.35421
461	149	2.36911
461	173	4.39799
461	240	2.01354
461	301	0.0854012
461	306	1.65185
461	312	2.30458
461	388	2.34379
461	397	3.52575
461	402	0.00052908
461	482	5.8623
461	485	5.90051
461	489	6.14861
461	495	6.23476
461	497	8.11924
461	498	5.77323
461	501	6.05551
461	507	7.62043
461	511	12.9297
462	22	2.64277
462	108	2.54355
462	148	0.743182
462	153	3.61695
462	178	0.376396
462	217	4.55263
462	280	3.14715
462	301	3.2713
462	423	2.65741
462	429	2.38376
462	440	4.47356
462	441	3.72705
462	457	3.62017
462	466	4.16163
462	476	15.0869
462	477	5.8316
462	487	6.33752
462	495	5.73856
462	509	6.62018
462	510	6.9216
462	512	7.73
463	28	2.4006
463	57	2.04912
463	90	2.4718
463	117	2.4006
463	199	1.74194
463	243	4.01047
463	283	2.59827
463	308	3.7109
463	331	2.54521
463	333	2.98437
463	359	4.35766
463	389	4.60475
463	408	4.40581
463	453	6.17713
463	466	5.39733
463	468	5.13578
463	483	5.35274
463	487	7.57323
463	491	10.0305
463	495	6.97427
463	496	9.31246
464	32	2.85438
464	48	3.33925
464	120	3.16776
464	228	3.60938
464	236	3.51186
464	248	2.64386
464	270	3.20464
464	325	5.19306
464	340	2.51861
464	348	2.73578
464	364	5.18671
464	378	4.506
464	385	1.95196
464	419	5.23133
464	439	5.1799
464	447	5.18809
464	452	6.48984
464	468	6.02919
464	470	6.11835
464	495	9.11654
464	505	8.46175
465	12	1.45522
465	22	3.32143
465	39	4.27775
465	98	2.2626
465	137	2.75145
465	204	3.3545
465	260	2.01182
465	278	3.72593
465	340	5.19303
465	349	5.71291
465	374	2.56769
465	385	4.62638
465	394	5.26053
465	416	4.72575
465	422	4.35559
465	424	6.45293
465	450	5.57571
465	475	9.31955
465	482	6.77707
465	486	6.34116
465	494	6.43448
465	498	6.688
466	78	1.7268
466	83	3.34534
466	107	1.93826
466	113	3.18653e-05
466	126	2.63166
466	136	1.9547
466	239	4.0851
466	274	3.39113
466	339	2.89097
466	412	4.25253
466	427	4.49458
466	435	5.0029
466	438	3.75255
466	462	4.16163
466	463	5.39733
466	479	6.52082
466	481	6.47777
466	492	5.95503
466	493	7.82597
466	507	8.37639
466	508	11.1362
466	509	7.87234
467	86	3.34881
467	245	1.49531
467	273	1.73828
467	315	1.44637
467	334	3.09794
467	362	1.76806
467	367	3.90713
467	379	3.73337
467	385	4.71347
467	409	4.33754
467	411	4.27173
467	424	3.1538
467	433	3.87964
467	437	1.21233
467	446	4.58863
467	469	5.53712
467	476	5.14835
467	495	6.64861
467	500	11.4459
467	501	11.8549
467	507	8.03429
467	510	7.83166
468	60	1.3739
468	139	1.7332
468	140	2.86659
468	182	2.78277
468	212	3.46443
468	283	4.98275
468	362	4.91169
468	364	4.04821
468	365	3.55442
468	391	1.18817
468	395	3.33173
468	416	4.72776
468	419	4.09282
468	429	8.71663
468	448	7.877
468	463	5.13578
468	464	6.02919
468	469	5.61768
468	471	4.25943
468	496	6.87657
468	502	8.00785
468	509	7.61079
469	81	2.73294
469	82	1.93383
469	93	2.40023
469	119	0.730318
469	227	4.30808
469	261	3.34911
469	274	3.85657
469	289	2.26071
469	335	2.53274
469	373	3.73543
469	396	4.12412
469	416	5.03238
469	449	5.08588
469	455	6.23627
469	467	5.53712
469	468	5.61768
469	476	5.9559
469	481	6.94321
469	483	5.83463
469	492	7.93356
469	494	6.74111
469	506	10.3071
470	23	0.0423175
470	69	2.42748
470	118	4.06229
470	172	0.231355
470	193	3.37323
470	215	2.14924
470	234	2.7772
470	277	1.26953
470	353	3.06751
470	365	6.57125
470	378	3.45666
470	434	4.48099
470	444	5.50193
470	447	4.99073
470	449	4.44805
470	456	4.50733
470	464	6.11835
470	477	6.91137
470	478	5.38372
470	495	6.81833
470	499	16.0204
470	506	7.77568
470	510	8.00137
471	29	1.07906
471	135	1.5803
471	175	4.6563
471	188	3.46092
471	229	1.00892
471	336	0.290534
471	341	3.94796
471	350	3.79619
471	375	3.38411
471	435	4.1101
471	436	10.3372
471	441	10.6616
471	452	3.48437
471	458	5.27426
471	459	4.51749
471	468	4.25943
471	475	3.98146
471	490	5.27359
471	504	6.30739
471	505	6.69199
471	508	6.83035
471	510	7.28096
471	512	8.08936
472	84	1.43756
472	148	3.51214
472	162	1.67412
472	208	3.14857
472	217	3.69021
472	278	5.08391
472	286	3.67047
472	326	5.74227
472	358	4.72943
472	374	3.92568
472	384	5.6985
472	385	6.57237
472	387	4.98312
472	421	1.98107
472	432	5.4969
472	440	2.39835
472	473	7.95472
472	489	5.45027
472	492	3.54791
472	493	5.41885
472	506	5.92146
472	507	9.89319
472	512	8.37317
473	36	3.14339
473	72	2.40445
473	108	1.5089
473	114	3.06957
473	146	3.36151
473	191	4.03721
473	212	3.35156
473	237	2.91866
473	247	4.20165
473	262	3.56174
473	271	2.41082
473	276	3.56087
473	283	3.63886
473	336	2.81506
473	387	6.39773
473	428	6.67392
473	433	5.24588
473	439	10.6919
473	460	5.30226
473	472	7.95472
473	496	8.16226
473	497	7.66657
473	504	8.22433
474	49	2.44666
474	154	1.61851
474	177	0.957278
474	187	3.43194
474	197	2.74995
474	218	3.82265
474	237	2.54021
474	308	3.29631
474	314	5.04356
474	333	5.54873
474	348	2.50451
474	355	3.29634
474	381	3.6721
474	400	3.76211
474	405	4.99362
474	409	7.49557
474	442	4.64486
474	446	12.6013
474	447	5.80881
474	475	5.51995
474	484	7.56906
474	497	7.28812
474	506	8.59376
474	508	8.36885
475	33	2.19977
475	115	2.40146
475	126	2.40146
475	157	2.71441
475	192	2.55862
475	224	0.971665
475	300	3.2606
475	321	2.05822
475	362	4.63372
475	369	3.64355
475	438	7.76661
475	447	5.73258
475	456	4.44626
475	465	9.31955
475	471	3.98146
475	474	5.51995
475	480	6.84686
475	483	4.82967
475	487	7.05016
475	489	6.36504
475	498	5.98967
475	503	7.34885
475	508	7.18364
475	509	7.33282
475	512	8.44264
476	14	1.91656
476	22	4.66372e-06
476	35	1.21423
476	115	3.07539
476	132	0.108962
476	196	0.839508
476	216	2.69505
476	252	4.35803
476	352	4.92138
476	359	4.45078
476	360	4.2367
476	376	4.95551
476	383	3.6728
476	389	4.69787
476	435	5.07957
476	450	7.94903
476	462	15.0869
476	467	5.14835
476	469	5.9559
476	477	7.16043
476	490	6.24306
476	497	6.7191
476	500	6.71777
476	502	8.34607
476	511	9.50333
477	49	2.79075
477	96	4.09022
477	147	1.36536
477	165	1.38434
477	189	3.04679
477	228	3.37122
477	248	3.43688
477	281	4.28862
477	339	4.56094
477	343	4.53476
477	369	1.60544
477	386	4.91704
477	414	5.61885
477	427	3.9746
477	431	1.24429
477	434	4.40236
477	435	4.41043
477	443	6.33455
477	462	5.8316
477	470	6.91137
477	476	7.16043
477	492	8.58854
477	502	11.9823
477	507	8.50395
477	512	10.6521
478	11	2.71477
478	120	2.43313
478	164	4.11936
478	166	3.78476
478	207	4.87279
478	209	1.33065
478	211	2.7186
478	250	3.64805
478	277	2.24096
478	330	4.22505
478	334	5.04428
478	371	3.34872
478	373	8.4383
478	428	5.16422
478	433	4.36407
478	440	5.86805
478	441	5.12154
478	442	12.6765
478	445	4.57487
478	448	4.53314
478	450	5.55922
478	470	5.38372
478	490	6.30872
478	499	7.82406
478	502	8.41173
478	508	7.86549
479	88	0.487362
479	97	1.9838
479	103	3.12219
479	163	3.65737
479	198	3.81638
479	221	1.4919
479	226	4.02392
479	249	4.29676
479	279	2.89169
479	281	3.72568
479	293	2.0654
479	310	5.07026
479	348	2.96585
479	361	4.36191
479	392	5.52265
479	396	4.76571
479	439	5.40997
479	443	4.54741
479	466	6.52082
479	480	7.32224
479	485	10.0305
479	494	7.3827
479	498	7.63622
479	503	10.5574
479	508	8.83019
479	512	10.0892
480	20	2.39841
480	68	2.3153
480	69	4.28636
480	93	2.57939
480	158	3.88142
480	208	2.4332
480	307	2.31691
480	310	2.63241
480	312	3.86196
480	320	5.19682
480	328	4.38561
480	337	4.21391
480	361	4.05631
480	368	4.51888
480	387	4.26775
480	411	6.01136
480	424	3.98024
480	442	4.8006
480	456	5.78721
480	475	6.84686
480	479	7.32224
480	484	7.7248
480	495	9.31827
480	503	8.6898
480	508	8.52459
480	511	10.2281
481	16	1.6774
481	21	2.88242
481	24	2.43328
481	138	0.135464
481	156	3.82244
481	183	0.134361
481	215	3.38561
481	226	0.0850258
481	296	0.605244
481	322	5.02609
481	339	3.95495
481	343	1.90262
481	350	5.75298
481	371	3.34316
481	375	5.16342
481	405	5.41192
481	408	5.48625
481	426	6.65458
481	448	5.45479
481	460	5.3421
481	466	6.47777
481	469	6.94321
481	483	6.43317
481	485	7.72045
481	490	7.23037
481	491	7.6087
481	509	29.3417
482	37	0.135261
482	109	1.7253
482	148	3.19982
482	167	3.3714
482	176	2.32661
482	184	3.66083
482	200	1.14079
482	297	4.83022
482	299	4.86301
482	314	4.82961
482	348	3.0633
482	354	5.17691
482	360	5.12844
482	383	4.80061
482	389	8.00467
482	403	8.66141
482	416	3.80939
482	422	5.40126
482	427	5.69906
482	440	6.9302
482	444	4.96257
482	454	10.5445
482	461	5.8623
482	465	6.77707
482	490	7.37087
482	503	9.09285
482	508	8.92764
483	43	2.0461
483	110	1.55313
483	156	2.71386
483	181	2.77677
483	235	2.60181
483	241	3.60622
483	255	4.40908
483	276	4.94906
483	378	3.58445
483	382	4.58633
483	399	3.60043
483	417	5.32728
483	425	4.22839
483	449	7.13352
483	451	7.46989
483	458	7.97712
483	463	5.35274
483	469	5.83463
483	475	4.82967
483	481	6.43317
483	489	6.85997
483	493	7.01414
483	494	6.23107
483	496	7.09352
483	500	6.5965
483	504	7.1556
483	507	8.3318
484	60	3.14504
484	65	2.65284
484	104	3.41559
484	142	4.16494
484	143	1.81174
484	210	4.83947
484	214	4.40842
484	265	2.69888
484	283	4.12431
484	298	2.21474
484	303	4.45434
484	310	3.34056
484	328	5.11277
484	359	5.8837
484	377	4.94574
484	404	1.94741
484	432	4.83846
484	436	5.31839
484	443	6.17416
484	460	5.78771
484	474	7.56906
484	480	7.7248
484	487	7.41241
484	494	9.69832
484	496	8.64771
484	504	8.87218
484	505	9.09438
485	2	2.73183
485	29	2.40047
485	35	2.38024
485	99	3.7586
485	101	2.40041
485	116	3.67452
485	180	3.29534
485	206	4.91673
485	211	3.81896
485	284	4.55304
485	288	4.33673
485	297	2.88184
485	330	3.12904
485	400	4.35911
485	414	5.24984
485	429	4.8786
485	436	5.05149
485	437	6.10184
485	442	5.24186
485	443	5.44585
485	457	6.11502
485	461	5.90051
485	479	10.0305
485	481	7.72045
485	499	8.92442
485	503	11.4558
485	504	8.44288
485	508	8.96585
486	61	2.5396
486	68	2.28243
486	72	0.91143
486	78	3.41973
486	96	3.44806
486	174	4.57717
486	214	2.78632
486	225	3.01551
486	235	5.58662
486	241	4.41938
486	242	5.56192
486	253	5.68381
486	263	4.40078
486	354	8.08743
486	356	4.94229
486	361	8.08388
486	400	3.88499
486	420	5.24072
486	421	5.72452
486	431	4.82626
486	449	5.389
486	452	5.14574
486	465	6.34116
486	490	6.93496
486	504	7.96876
486	506	8.71664
486	508	8.49173
486	512	9.75073
487	2	2.40004
487	9	2.40004
487	25	2.40691
487	45	4.2905
487	63	2.38235
487	77	3.82062
487	97	3.05267
487	136	3.79458
487	141	4.05655
487	253	4.30562
487	298	3.34072
487	345	1.4521
487	348	4.03472
487	349	3.83072
487	354	6.14833
487	369	6.35897
487	399	2.79207
487	424	5.6718
487	438	5.92844
487	452	6.55307
487	462	6.33752
487	463	7.57323
487	475	7.05016
487	484	7.41241
487	494	10.8243
487	504	9.99817
487	508	9.89906
487	509	10.0482
488	6	2.84178
488	124	2.45095
488	154	2.30385
488	158	3.42724
488	170	3.47855
488	219	4.48776
488	234	4.28061
488	274	5.13308
488	277	2.77295
488	300	5.13115
488	312	4.53521
488	335	3.39833
488	340	5.34758
488	371	4.53742
488	373	4.60102
488	374	8.4652
488	381	4.35744
488	391	3.37304
488	416	6.91263
488	424	4.82693
488	444	8.06582
488	450	6.74792
488	451	7.3945
488	452	5.7082
488	459	6.74132
488	460	5.60915
488	506	9.2791
488	509	9.20337
488	511	10.7577
489	109	2.01161
489	135	3.96388
489	191	0.215582
489	202	4.27559
489	221	2.07751
489	271	2.22024
489	275	4.10814
489	294	5.10395
489	300	2.54237
489	344	5.39244
489	358	4.70341
489	377	4.92693
489	410	7.30213
489	416	6.05771
489	421	4.02773
489	430	5.73697
489	431	5.54847
489	446	6.42151
489	448	5.88159
489	455	3.89728
489	460	5.7689
489	461	6.14861
489	472	5.45027
489	475	6.36504
489	483	6.85997
489	501	8.30225
489	508	10.7757
489	510	9.66454
489	512	10.4198
490	7	2.39954
490	12	2.39954
490	51	1.82094
490	81	2.39954
490	84	0.673372
490	146	2.89206
490	251	3.36809
490	258	2.43563
490	273	4.27752
490	294	1.76112
490	309	1.32829
490	337	4.1651
490	352	5.59732
490	384	4.93431
490	391	5.15406
490	394	6.32247
490	405	5.10054
490	439	5.05555
490	471	5.27359
490	476	6.24306
490	478	6.30872
490	481	7.23037
490	482	7.37087
490	486	6.93496
490	492	7.67117
490	496	7.89073
490	499	8.43434
490	505	13.9675
490	509	8.62495
490	511	16.2817
491	27	3.22962
491	35	2.40051
491	65	2.27419
491	177	2.57971
491	199	1.61327
491	208	2.76271
491	229	5.03191
491	238	3.83073
491	241	4.41009
491	326	4.67056
491	333	2.85569
491	346	3.38643
491	355	3.78159
491	357	5.57561
491	383	4.72707
491	387	4.59726
491	407	5.17539
491	436	4.93974
491	442	5.13011
491	445	8.95498
491	447	6.29406
491	457	6.00327
491	463	10.0305
491	481	7.6087
491	496	9.18379
491	497	7.77337
491	500	7.77203
491	502	9.40034
491	503	9.01931
491	510	9.3047
492	131	2.00308
492	217	3.67819
492	254	1.9538
492	297	3.14393
492	318	4.60928
492	351	1.1751
492	365	5.32075
492	366	2.75418
492	368	6.61119
492	381	4.53119
492	385	6.56035
492	389	6.12598
492	393	4.31285
492	406	6.73142
492	412	5.75731
492	424	5.00069
492	429	5.1407
492	431	5.56247
492	438	5.25732
492	457	4.47278
492	466	5.95503
492	469	7.93356
492	472	3.54791
492	477	8.58854
492	490	7.67117
492	500	8.14588
492	501	8.31625
492	506	6.06576
492	508	8.87334
492	512	8.51747
493	70	2.12862
493	99	2.40003
493	109	2.16578
493	110	3.24268
493	193	2.57399
493	258	4.58319
493	260	3.75057
493	266	4.01603
493	271	2.18883
493	298	3.83551
493	317	5.07829
493	357	2.92656
493	384	5.82666
493	386	4.89202
493	399	5.28998
493	423	5.55452
493	436	5.45375
493	446	6.57569
493	453	7.83854
493	455	3.86587
493	456	6.63073
493	457	6.34373
493	466	7.82597
493	472	5.41885
493	483	7.01414
493	495	8.63567
493	502	9.91436
493	506	7.9367
493	507	10.0213
493	512	10.3884
494	13	0.0107057
494	15	2.06405
494	31	1.30089
494	182	3.90621
494	188	2.05202
494	202	0.238358
494	204	2.54154
494	222	3.69234
494	319	4.44913
494	345	3.73801
494	351	4.20154
494	376	5.00051
494	397	5.14359
494	399	5.07798
494	404	5.3593
494	430	5.10807
494	431	4.91958
494	443	5.52646
494	455	6.44325
494	465	6.43448
494	469	6.74111
494	479	7.3827
494	483	6.23107
494	484	9.69832
494	487	10.8243
494	496	8
494	501	7.67335
494	504	12.2841
494	507	9.23827
494	510	9.03565
495	29	3.5488
495	42	3.28496
495	80	4.21689
495	109	2.09776
495	137	4.16957
495	146	3.71639
495	188	2.76707
495	203	0.964692
495	206	4.33731
495	224	3.44307
495	233	2.37441
495	242	4.96629
495	321	4.52963
495	352	6.30137
495	377	6.57065
495	396	5.23562
495	414	5.52581
495	432	5.55704
495	435	6.57984
495	456	6.56271
495	457	6.44926
495	460	9.72428
495	461	6.23476
495	462	5.73856
495	463	6.97427
495	464	9.11654
495	467	6.64861
495	470	6.81833
495	480	9.31827
495	493	8.63567
495	505	9.16173
495	509	9.44928
496	26	3.75167
496	40	2.39013
496	108	2.2091
496	145	3.98361
496	200	2.93475
496	214	3.74209
496	215	4.20862
496	253	3.85406
496	254	2.17336
496	256	4.40882
496	284	2.89211
496	288	3.96119
496	292	3.84701
496	305	3.48906
496	324	6.46377
496	325	4.42355
496	401	4.57945
496	407	4.45735
496	415	6.63213
496	419	6.39685
496	455	7.3057
496	463	9.31246
496	468	6.87657
496	473	8.16226
496	483	7.09352
496	484	8.64771
496	490	7.89073
496	491	9.18379
496	494	8
496	498	8.25353
496	509	9.59668
496	510	9.8981
497	49	2.34942
497	64	2.39983
497	88	3.62825
497	113	2.17705
497	125	3.33515
497	161	4.27588
497	258	1.97283
497	298	3.4192
497	303	5.35252
497	305	2.99337
497	309	0.86549
497	338	6.28222
497	363	0.726746
497	379	5.30412
497	393	4.03672
497	394	5.85967
497	401	4.08376
497	402	2.25154
497	418	6.92347
497	442	5.22782
497	443	5.89323
497	461	8.11924
497	473	7.66657
497	474	7.28812
497	476	6.7191
497	491	7.77337
497	498	7.75784
497	499	8.91038
497	501	8.04012
497	502	9.49805
497	503	9.11702
497	505	13.5047
497	511	15.8189
498	10	1.40664
498	14	2.9553
498	28	1.62556
498	47	3.64384
498	58	3.41852
498	250	2.94531
498	252	3.69829
498	335	3.18271
498	342	2.76716
498	345	5.34666
498	350	2.50211
498	355	4.24556
498	361	4.37029
498	381	6.07938
498	396	3.72266
498	402	6.10035
498	407	4.68888
498	412	5.36794
498	414	5.06428
498	437	4.11019
498	445	5.54794
498	461	5.77323
498	465	6.688
498	475	5.98967
498	479	7.63622
498	496	8.25353
498	497	7.75784
498	500	14.3438
498	501	14.7528
498	505	8.7002
498	506	9.06348
498	508	8.83857
498	509	8.98775
499	54	2.48216
499	64	4.14637
499	71	2.5244
499	73	3.55142
499	102	4.39355
499	111	2.29786
499	119	4.57003
499	125	2.48216
499	162	2.42527
499	172	3.16296
499	209	3.45627
499	225	3.31196
499	246	4.62926
499	254	2.71697
499	319	6.35864
499	324	6.3637
499	353	5.50784
499	374	4.67682
499	383	6.72581
499	391	6.6694
499	393	5.07601
499	399	5.91297
499	408	6.69021
499	447	7.43107
499	448	6.65876
499	456	7.43893
499	460	6.54606
499	470	16.0204
499	478	7.82406
499	485	8.92442
499	490	8.43434
499	497	8.91038
499	512	11.2501
500	55	1.57911
500	104	2.40165
500	107	3.16557
500	128	1.46093
500	161	3.35544
500	212	3.55474
500	220	2.00227
500	260	3.33293
500	269	4.08786
500	273	3.82348
500	275	3.84467
500	302	4.79426
500	330	5.31004
500	346	1.95861
500	370	3.62363
500	396	2.90999
500	400	4.34374
500	425	5.5003
500	426	6.71675
500	437	3.29753
500	443	5.89189
500	451	7.29079
500	456	6.21309
500	467	11.4459
500	476	6.71777
500	483	6.5965
500	491	7.77203
500	492	8.14588
500	498	14.3438
500	501	13.9401
500	506	9.17538
500	507	9.6037
500	510	9.40107
500	511	10.654
501	10	1.00295
501	26	2.4031
501	46	3.70711
501	108	1.88245
501	143	1.69984
501	197	3.50195
501	220	2.41125
501	292	3.52035
501	346	2.36759
501	350	2.09842
501	362	4.26224
501	371	4.60408
501	373	4.66767
501	393	4.20575
501	395	4.99097
501	396	3.31897
501	417	6.42081
501	421	6.35364
501	426	6.88712
501	430	5.64387
501	437	3.7065
501	441	6.37689
501	444	7.072
501	457	6.27001
501	461	6.05551
501	467	11.8549
501	489	8.30225
501	492	8.31625
501	494	7.67335
501	497	8.04012
501	498	14.7528
501	500	13.9401
501	504	8.59788
501	507	9.77408
501	512	10.3798
502	16	3.46903
502	38	4.6563
502	44	2.14688
502	48	2.40587
502	51	2.40587
502	63	3.06207
502	86	2.40842
502	97	2.40587
502	150	3.36093
502	179	3.93982
502	256	3.52034
502	267	6.58139
502	268	5.01765
502	279	4.52104
502	304	1.16427
502	305	4.62035
502	307	4.77269
502	309	6.66161
502	310	4.6866
502	321	5.52938
502	336	4.64654
502	361	6.1105
502	384	7.21678
502	404	6.90833
502	407	6.4291
502	409	7.53526
502	420	7.32777
502	431	9.83541
502	468	8.00785
502	476	8.34607
502	477	11.9823
502	478	8.41173
502	491	9.40034
502	493	9.91436
502	497	9.49805
502	507	17.0951
503	88	1.91264
503	92	4.54378
503	113	3.423
503	156	3.3542
503	200	3.68501
503	209	3.66292
503	221	2.91718
503	228	4.17584
503	237	4.36912
503	240	5.24409
503	256	3.13931
503	279	4.25925
503	293	3.49067
503	304	6.41599
503	307	4.39166
503	330	3.65588
503	351	5.81425
503	356	6.64831
503	371	5.68099
503	392	6.94793
503	397	6.7563
503	401	8.75893
503	413	6.84688
503	414	5.77668
503	424	5.9705
503	439	6.77753
503	443	5.97269
503	454	8.07149
503	455	8.05596
503	475	7.34885
503	479	10.5574
503	480	8.6898
503	482	9.09285
503	485	11.4558
503	491	9.01931
503	497	9.11702
504	5	2.40006
504	7	1.98352
504	24	2.40006
504	136	3.40509
504	169	3.29459
504	180	3.83907
504	183	3.7078
504	204	3.46607
504	266	4.15748
504	334	5.22646
504	345	2.91187
504	347	5.91959
504	351	5.12607
504	396	5.44509
504	399	4.25184
504	400	4.90284
504	401	4.64153
504	404	4.53317
504	408	6.20868
504	411	6.40024
504	416	6.35334
504	417	6.80954
504	422	9.14843
504	428	6.8083
504	432	7.42421
504	451	7.84989
504	454	7.38331
504	471	6.30739
504	473	8.22433
504	483	7.1556
504	484	8.87218
504	485	8.44288
504	486	7.96876
504	487	9.99817
504	494	12.2841
504	501	8.59788
504	511	11.2131
505	18	0.0430347
505	51	3.23934
505	67	3.93866
505	121	0.0430347
505	165	4.8315
505	215	4.49264
505	221	2.75774
505	251	4.78649
505	254	2.62003
505	272	1.04758
505	279	3.95567
505	289	3.96628
505	292	4.29368
505	294	3.79457
505	301	5.47084
505	306	4.57882
505	309	3.36174
505	363	3.22299
505	373	5.441
505	402	4.74779
505	414	6.11988
505	419	6.52538
505	427	6.66559
505	437	7.03017
505	444	7.84533
505	446	7.10175
505	454	7.76791
505	459	7.58131
505	464	8.46175
505	471	6.69199
505	484	9.09438
505	490	13.9675
505	495	9.16173
505	497	13.5047
505	498	8.7002
505	508	9.89417
505	511	18.3152
506	7	2.73139
506	19	2.3999
506	78	4.26109
506	127	4.02723
506	179	3.61849
506	216	2.99576
506	226	5.45118
506	256	3.199
506	262	4.04549
506	276	5.07102
506	300	3.01356
506	327	0.00017796
506	331	5.09595
506	337	5.94677
506	366	5.12773
506	374	4.94316
506	376	6.67291
506	380	6.87789
506	388	7.12979
506	403	7.42623
506	409	7.21393
506	427	7.02887
506	434	7.18766
506	438	6.28683
506	449	7.15473
506	455	4.36847
506	469	10.3071
506	470	7.77568
506	472	5.92146
506	474	8.59376
506	486	8.71664
506	488	9.2791
506	492	6.06576
506	493	7.9367
506	498	9.06348
506	500	9.17538
506	508	11.2469
506	512	10.891
507	20	4.70351
507	25	3.19362
507	70	3.44628
507	72	3.10547
507	111	2.99252
507	112	4.37481
507	120	1.98648
507	144	4.21704
507	147	2.65799
507	150	0.00721672
507	190	3.35591
507	236	4.25655
507	279	1.04272
507	353	7.09421
507	355	5.61326
507	369	6.71824
507	370	5.35893
507	377	6.39876
507	379	7.03808
507	384	3.73845
507	393	5.77068
507	394	8.06433
507	401	5.81772
507	422	7.15939
507	425	7.23559
507	427	9.08739
507	429	6.59852
507	431	6.35709
507	434	9.51515
507	458	9.12967
507	461	7.62043
507	466	8.37639
507	467	8.03429
507	472	9.89319
507	477	8.50395
507	483	8.3318
507	493	10.0213
507	494	9.23827
507	500	9.6037
507	501	9.77408
507	502	17.0951
508	105	3.87989
508	113	2.40028
508	119	1.6701
508	171	4.69715
508	176	3.43151
508	185	3.34858
508	190	4.11887
508	248	4.07628
508	250	5.8151
508	255	4.67527
508	262	3.82058
508	264	3.62689
508	277	3.7513
508	317	5.74271
508	323	5.13104
508	327	2.38058
508	336	4.1003
508	351	6.35623
508	357	6.23675
508	372	6.71968
508	387	5.7757
508	421	7.3065
508	425	6.58236
508	429	5.94529
508	434	6.96275
508	442	6.30855
508	458	8.47644
508	466	11.1362
508	471	6.83035
508	474	8.36885
508	475	7.18364
508	478	7.86549
508	479	8.83019
508	480	8.52459
508	482	8.92764
508	485	8.96585
508	486	8.49173
508	487	9.89906
508	489	10.7757
508	492	8.87334
508	498	8.83857
508	505	9.89417
508	506	11.2469
508	509	10.1817
508	512	13.6986
509	28	2.96872
509	43	4.24667
509	91	4.28664
509	131	3.46744
509	138	3.47541
509	154	3.46744
509	183	3.47651
509	213	4.61158
509	216	5.07694
509	225	4.7055
509	226	4.55388
509	232	4.59132
509	236	5.09347
509	246	4.52242
509	254	4.52242
509	277	3.90048
509	296	5.13749
509	297	4.09771
509	308	6.18591
509	318	5.56306
509	323	5.57288
509	343	6.43486
509	358	5.67119
509	370	4.85488
509	371	7.8754
509	392	6.81191
509	400	5.57498
509	426	11.1868
509	429	6.09448
509	432	6.43866
509	445	6.8911
509	449	7.079
509	452	6.83573
509	462	6.62018
509	466	7.87234
509	468	7.61079
509	475	7.33282
509	481	29.3417
509	487	10.0482
509	488	9.20337
509	490	8.62495
509	495	9.44928
509	496	9.59668
509	498	8.98775
509	508	10.1817
509	510	10.6323
509	512	11.4407
510	41	2.57747
510	74	4.01611
510	89	2.64952
510	167	3.54215
510	177	4.20875
510	184	2.29842
510	189	4.1368
510	193	3.68902
510	213	5.45974
510	235	5.40638
510	240	4.11696
510	267	4.7261
510	291	5.7047
510	295	4.73576
510	306	5.16779
510	312	5.82051
510	329	2.89317
510	331	5.32164
510	335	7.08929
510	346	5.01547
510	359	8.87127
510	367	7.00922
510	370	10.2006
510	374	5.16886
510	386	11.4073
510	390	8.14543
510	391	7.16143
510	410	7.99965
510	418	14.8593
510	420	7.23213
510	423	6.66955
510	425	9.56704
510	430	10.2318
510	439	7.06292
510	441	7.73919
510	445	7.19252
510	456	7.74576
510	462	6.9216
510	467	7.83166
510	470	8.00137
510	471	7.28096
510	489	9.66454
510	491	9.3047
510	494	9.03565
510	496	9.8981
510	500	9.40107
510	509	10.6323
510	512	11.7421
511	6	2.40026
511	13	4.78155
511	14	2.40026
511	18	2.35728
511	31	4.45188
511	85	2.40026
511	100	2.40026
511	101	5.34276
511	118	2.40026
511	121	2.35728
511	131	4.51117
511	134	5.29632
511	143	4.31502
511	147	3.70826
511	220	6.82632
511	221	4.59961
511	231	5.67386
511	245	6.38767
511	264	5.33039
511	265	6.75907
511	271	5.39956
511	272	3.36183
511	288	6.24973
511	321	6.68664
511	336	5.80379
511	341	7.02196
511	343	6.87766
511	347	8.14605
511	363	5.53724
511	386	7.25994
511	388	10.0435
511	395	7.60616
511	402	7.06204
511	407	7.58635
511	422	8.20965
511	423	7.92244
511	430	8.25906
511	431	8.07057
511	433	8.23462
511	452	8.39005
511	459	9.42317
511	461	12.9297
511	476	9.50333
511	480	10.2281
511	488	10.7577
511	490	16.2817
511	497	15.8189
511	500	10.654
511	504	11.2131
511	505	18.3152
512	1	2.40001
512	3	4.53674
512	16	2.40001
512	30	4.10659
512	44	2.85964
512	55	3.92018
512	84	3.48914
512	128	3.802
512	139	5.56313
512	152	5.23049
512	162	3.7257
512	163	3.35411
512	191	3.13848
512	201	3.35411
512	205	6.88249
512	233	4.36585
512	257	4.66149
512	270	5.89607
512	289	5.36365
512	290	7.15292
512	311	3.15625
512	346	5.82388
512	353	6.80828
512	397	9.30859
512	399	7.2134
512	404	7.62109
512	411	8.18221
512	417	8.59151
512	432	7.54848
512	437	8.42754
512	440	7.36791
512	448	7.95919
512	449	8.18882
512	457	9.29804
512	462	7.73
512	471	8.08936
512	472	8.37317
512	475	8.44264
512	477	10.6521
512	479	10.0892
512	486	9.75073
512	489	10.4198
512	492	8.51747
512	493	10.3884
512	499	11.2501
512	501	10.3798
512	506	10.891
512	508	13.6986
512	509	11.4407
512	510	11.7421
