1	1 
2	25 
3	32 
4	24 
5	28 
6	48 
7	42 
8	32 
9	19 
10	49 
11	52 
12	49 
13	7 
14	5 
15	1 
16	13 
17	25 
18	47 
19	6 
20	48 
21	45 
22	42 
23	52 
24	12 
25	33 
26	11 
27	46 
28	45 
29	38 
30	24 
31	20 
32	34 
33	43 
34	25 
35	36 
36	42 
37	43 
38	50 
39	28 
40	47 
41	4 
42	49 
43	43 
44	24 
45	28 
46	15 
47	52 
48	49 
49	10 
50	49 
51	26 
52	35 
53	51 
54	43 
55	36 
56	13 
57	7 
58	52 
59	29 
60	36 
61	42 
62	26 
63	5 
64	48 
65	49 
66	51 
67	42 
68	47 
69	38 
70	32 
71	39 
72	46 
73	8 
74	36 
75	15 
76	16 
77	1 
78	9 
79	39 
80	43 
81	20 
82	8 
83	11 
84	50 
85	51 
86	32 
87	45 
88	51 
89	23 
90	28 
91	38 
92	5 
93	25 
94	7 
95	12 
96	36 
97	42 
98	47 
99	39 
100	49 
101	38 
102	42 
103	16 
104	15 
105	4 
106	43 
107	25 
108	5 
109	30 
110	47 
111	8 
112	39 
113	25 
114	38 
115	43 
116	48 
117	9 
118	5 
119	28 
120	4 
121	29 
122	28 
123	38 
124	46 
125	27 
126	26 
127	12 
128	28 
129	51 
130	9 
131	45 
132	8 
133	8 
134	38 
135	32 
136	47 
137	32 
138	12 
139	8 
140	8 
141	5 
142	42 
143	15 
144	44 
145	50 
146	14 
147	48 
148	38 
149	5 
150	49 
151	42 
152	32 
153	1 
154	12 
155	8 
156	43 
157	9 
158	45 
159	51 
160	19 
161	23 
162	36 
163	49 
164	32 
165	14 
166	42 
167	11 
168	42 
169	43 
170	51 
171	36 
172	36 
173	5 
174	33 
175	7 
176	26 
177	10 
178	51 
179	46 
180	26 
181	27 
182	52 
183	46 
184	45 
185	39 
186	32 
187	7 
188	43 
189	38 
190	49 
191	42 
192	28 
193	47 
194	15 
195	43 
196	25 
197	32 
198	26 
199	5 
200	50 
201	51 
202	40 
203	43 
204	30 
205	34 
206	7 
207	17 
208	25 
209	7 
210	39 
211	12 
212	40 
213	26 
214	46 
215	8 
216	25 
217	42 
218	9 
219	5 
220	38 
221	42 
222	3 
223	33 
224	36 
225	48 
226	45 
227	4 
228	25 
229	48 
230	34 
231	42 
232	6 
233	42 
234	12 
235	43 
236	3 
237	46 
238	12 
239	49 
240	23 
241	49 
242	34 
243	8 
244	24 
245	41 
246	37 
247	36 
248	35 
249	44 
250	37 
251	17 
252	26 
253	49 
254	42 
255	42 
256	8 
257	29 
258	38 
259	50 
260	16 
261	50 
262	45 
263	21 
264	51 
265	25 
266	49 
267	43 
268	30 
269	16 
270	3 
271	42 
272	29 
273	33 
274	43 
275	43 
276	7 
277	36 
278	29 
279	4 
280	32 
281	3 
282	42 
283	38 
284	39 
285	36 
286	47 
287	14 
288	45 
289	19 
290	25 
291	11 
292	45 
293	45 
294	50 
295	48 
296	37 
297	31 
298	4 
299	45 
300	45 
301	27 
302	27 
303	38 
304	16 
305	6 
306	46 
307	11 
308	28 
309	16 
310	41 
311	43 
312	28 
313	36 
314	44 
315	34 
316	5 
317	47 
318	47 
319	15 
320	45 
321	42 
322	2 
323	1 
324	50 
325	8 
326	42 
327	20 
328	51 
329	43 
330	45 
331	7 
332	5 
333	51 
334	8 
335	25 
336	18 
337	8 
338	43 
339	7 
340	5 
341	24 
342	48 
343	12 
344	24 
345	42 
346	8 
347	42 
348	38 
349	42 
350	52 
351	35 
352	34 
353	43 
354	39 
355	52 
356	9 
357	40 
358	19 
359	42 
360	43 
361	21 
362	42 
363	49 
364	9 
365	42 
366	48 
367	23 
368	51 
369	28 
370	50 
371	7 
372	25 
373	29 
374	43 
375	11 
376	37 
377	7 
378	25 
379	12 
380	33 
381	44 
382	24 
383	28 
384	28 
385	51 
386	37 
387	43 
388	49 
389	25 
390	3 
391	24 
392	34 
393	32 
394	1 
395	48 
396	8 
397	34 
398	47 
399	52 
400	36 
401	32 
402	7 
403	33 
404	17 
405	7 
406	7 
407	28 
408	26 
409	28 
410	27 
411	25 
412	42 
413	44 
414	7 
415	15 
416	26 
417	38 
418	40 
419	42 
420	39 
421	49 
422	8 
423	9 
424	50 
425	11 
426	43 
427	35 
428	7 
429	38 
430	45 
431	26 
432	43 
433	5 
434	49 
435	43 
436	45 
437	44 
438	42 
439	16 
440	38 
441	50 
442	47 
443	50 
444	7 
445	38 
446	38 
447	43 
448	7 
449	10 
450	8 
451	19 
452	46 
453	29 
454	38 
455	47 
456	49 
457	34 
458	51 
459	9 
460	52 
461	7 
462	50 
463	42 
464	27 
465	42 
466	43 
467	38 
468	18 
469	16 
470	39 
471	39 
472	38 
473	43 
474	11 
475	48 
476	27 
477	25 
478	5 
479	14 
480	3 
481	49 
482	8 
483	17 
484	43 
485	5 
486	28 
487	33 
488	42 
489	39 
490	48 
491	25 
492	3 
493	45 
494	43 
495	46 
496	42 
497	25 
498	5 
499	46 
500	10 
501	5 
502	45 
503	30 
504	49 
505	50 
506	43 
507	25 
508	7 
509	1 
510	47 
511	49 
512	9 
513	50 
514	49 
515	43 
516	22 
517	8 
518	50 
519	42 
520	38 
521	23 
522	50 
523	1 
524	35 
525	36 
526	19 
527	52 
528	48 
529	44 
530	39 
531	51 
532	38 
533	43 
534	25 
535	12 
536	25 
537	19 
538	7 
539	51 
540	15 
541	7 
542	49 
543	5 
544	16 
545	4 
546	8 
547	45 
548	2 
549	34 
550	11 
551	38 
552	52 
553	8 
554	28 
555	43 
556	52 
557	27 
558	5 
559	9 
560	8 
561	8 
562	12 
563	36 
564	43 
565	25 
566	12 
567	5 
568	47 
569	20 
570	44 
571	45 
572	42 
573	4 
574	43 
575	36 
576	36 
577	32 
578	37 
579	51 
580	43 
581	49 
582	36 
583	47 
584	43 
585	42 
586	5 
587	52 
588	11 
589	43 
590	15 
591	37 
592	32 
593	45 
594	37 
595	38 
596	8 
597	51 
598	12 
599	6 
600	23 
601	43 
602	7 
603	7 
604	16 
605	7 
606	49 
607	49 
608	43 
609	26 
610	27 
611	51 
612	52 
613	25 
614	52 
615	47 
616	39 
617	7 
618	8 
619	12 
620	12 
621	49 
622	35 
623	7 
624	36 
625	43 
626	47 
627	51 
628	24 
629	45 
630	38 
631	28 
632	4 
633	49 
634	49 
635	49 
636	32 
637	46 
638	50 
639	42 
640	42 
641	8 
642	14 
643	7 
644	47 
645	49 
646	34 
647	25 
648	4 
649	29 
650	8 
651	22 
652	12 
653	34 
654	52 
655	45 
656	9 
657	7 
658	44 
659	28 
660	42 
661	36 
662	42 
663	7 
664	31 
665	25 
666	28 
667	42 
668	25 
669	43 
670	43 
671	52 
672	51 
673	36 
674	47 
675	39 
676	8 
677	4 
678	5 
679	39 
680	45 
681	30 
682	8 
683	25 
684	39 
685	44 
686	25 
687	11 
688	5 
689	49 
690	25 
691	36 
692	20 
693	12 
694	47 
695	2 
696	20 
697	29 
698	52 
699	42 
700	11 
701	30 
702	14 
703	39 
704	2 
705	25 
706	51 
707	25 
708	43 
709	8 
710	36 
711	34 
712	18 
713	44 
714	15 
715	29 
716	43 
717	25 
718	27 
719	33 
720	32 
721	15 
722	32 
723	44 
724	28 
725	49 
726	7 
727	6 
728	46 
729	4 
730	42 
731	8 
732	9 
733	36 
734	38 
735	16 
736	45 
737	25 
738	1 
739	38 
740	25 
741	35 
742	21 
743	8 
744	43 
745	5 
746	26 
747	37 
748	49 
749	24 
750	26 
751	28 
752	8 
753	24 
754	11 
755	17 
756	35 
757	43 
758	4 
759	34 
760	51 
761	42 
762	43 
763	12 
764	5 
765	26 
766	29 
767	47 
768	4 
769	31 
770	4 
771	43 
772	50 
773	9 
774	49 
775	48 
776	42 
777	43 
778	47 
779	32 
780	47 
781	36 
782	48 
783	47 
784	38 
785	46 
786	47 
787	38 
788	1 
789	33 
790	49 
791	26 
792	48 
793	26 
794	45 
795	48 
796	43 
797	38 
798	20 
799	39 
800	33 
801	36 
802	47 
803	11 
804	45 
805	9 
806	34 
807	36 
808	8 
809	50 
810	44 
811	10 
812	26 
813	13 
814	51 
815	5 
816	5 
817	39 
818	5 
819	44 
820	38 
821	28 
822	39 
823	28 
824	47 
825	7 
826	14 
827	42 
828	43 
829	41 
830	48 
831	7 
832	31 
833	28 
834	9 
835	39 
836	33 
837	1 
838	44 
839	12 
840	39 
841	14 
842	50 
843	47 
844	43 
845	32 
846	25 
847	4 
848	7 
849	36 
850	39 
851	29 
852	30 
853	38 
854	43 
855	12 
856	6 
857	28 
858	11 
859	50 
860	43 
861	27 
862	49 
863	45 
864	35 
865	34 
866	49 
867	7 
868	8 
869	27 
870	49 
871	48 
872	51 
873	40 
874	12 
875	27 
876	25 
877	5 
878	4 
879	25 
880	8 
881	8 
882	31 
883	47 
884	42 
885	4 
886	50 
887	43 
888	5 
889	46 
890	39 
891	5 
892	8 
893	38 
894	25 
895	5 
896	14 
897	39 
898	1 
899	26 
900	21 
901	49 
902	51 
903	12 
904	5 
905	34 
906	39 
907	25 
908	11 
909	48 
910	7 
911	36 
912	49 
913	39 
914	48 
915	5 
916	8 
917	40 
918	26 
919	7 
920	22 
921	8 
922	50 
923	50 
924	5 
925	51 
926	8 
927	43 
928	51 
929	44 
930	46 
931	8 
932	39 
933	39 
934	50 
935	45 
936	47 
937	3 
938	46 
939	38 
940	5 
941	25 
942	42 
943	14 
944	16 
945	38 
946	30 
947	33 
948	43 
949	9 
950	48 
951	8 
952	49 
953	18 
954	12 
955	7 
956	4 
957	15 
958	43 
959	51 
960	16 
961	8 
962	26 
963	17 
964	43 
965	49 
966	50 
967	45 
968	2 
969	39 
970	5 
971	36 
972	15 
973	27 
974	12 
975	48 
976	8 
977	27 
978	22 
979	12 
980	32 
981	5 
982	51 
983	37 
984	49 
985	7 
986	43 
987	12 
988	47 
989	49 
990	4 
991	44 
992	47 
993	24 
994	12 
995	2 
996	20 
997	12 
998	34 
999	12 
1000	43 
1001	50 
1002	42 
1003	49 
1004	11 
1005	12 
1006	25 
1007	4 
1008	49 
1009	36 
1010	28 
1011	43 
1012	38 
1013	27 
1014	5 
1015	16 
1016	16 
1017	5 
1018	26 
1019	33 
1020	7 
1021	7 
1022	42 
1023	49 
1024	19 
1025	49 
1026	17 
1027	8 
1028	26 
1029	19 
1030	24 
1031	12 
1032	12 
1033	20 
1034	42 
1035	7 
1036	52 
1037	31 
1038	51 
1039	4 
1040	9 
1041	51 
1042	50 
1043	49 
1044	44 
1045	15 
1046	7 
1047	36 
1048	11 
1049	46 
1050	52 
1051	15 
1052	46 
1053	38 
1054	26 
1055	15 
1056	9 
1057	25 
1058	24 
1059	26 
1060	12 
1061	13 
1062	16 
1063	25 
1064	21 
1065	45 
1066	24 
1067	25 
1068	34 
1069	49 
1070	51 
1071	29 
1072	8 
1073	4 
1074	28 
1075	5 
1076	25 
1077	49 
1078	12 
1079	51 
1080	8 
1081	25 
1082	49 
1083	32 
1084	12 
1085	8 
1086	50 
1087	42 
1088	13 
1089	48 
1090	4 
1091	49 
1092	49 
1093	43 
1094	16 
1095	8 
1096	27 
1097	16 
1098	30 
1099	43 
1100	52 
1101	42 
1102	16 
1103	12 
1104	47 
1105	24 
1106	25 
1107	31 
1108	25 
1109	25 
1110	7 
1111	38 
1112	47 
1113	14 
1114	50 
1115	29 
1116	51 
1117	46 
1118	9 
1119	41 
1120	15 
1121	47 
1122	24 
1123	8 
1124	42 
1125	7 
1126	8 
1127	31 
1128	32 
1129	9 
1130	7 
1131	35 
1132	43 
1133	22 
1134	48 
1135	7 
1136	37 
1137	36 
1138	16 
1139	43 
1140	8 
1141	8 
1142	39 
1143	42 
1144	20 
1145	43 
1146	4 
1147	44 
1148	12 
1149	5 
1150	38 
1151	14 
1152	9 
1153	9 
1154	7 
1155	51 
1156	48 
1157	8 
1158	10 
1159	28 
1160	33 
1161	44 
1162	49 
1163	43 
1164	16 
1165	8 
1166	37 
1167	46 
1168	34 
1169	45 
1170	8 
1171	43 
1172	16 
1173	32 
1174	38 
1175	7 
1176	11 
1177	8 
1178	39 
1179	28 
1180	6 
1181	50 
1182	8 
1183	12 
1184	16 
1185	45 
1186	50 
1187	12 
1188	42 
1189	27 
1190	31 
1191	51 
1192	33 
1193	31 
1194	38 
1195	10 
1196	44 
1197	34 
1198	51 
1199	51 
1200	16 
1201	4 
1202	48 
1203	7 
1204	50 
1205	12 
1206	50 
1207	7 
1208	51 
1209	18 
1210	33 
1211	4 
1212	7 
1213	7 
1214	16 
1215	28 
1216	48 
1217	32 
1218	47 
1219	26 
1220	28 
1221	12 
1222	31 
1223	51 
1224	39 
1225	8 
1226	36 
1227	24 
1228	42 
1229	12 
1230	39 
1231	7 
1232	44 
1233	42 
1234	44 
1235	28 
1236	36 
1237	42 
1238	24 
1239	41 
1240	45 
1241	3 
1242	26 
1243	36 
1244	39 
1245	27 
1246	49 
1247	42 
1248	27 
1249	38 
1250	12 
1251	15 
1252	7 
1253	7 
1254	50 
1255	1 
1256	49 
1257	47 
1258	19 
1259	28 
1260	48 
1261	21 
1262	42 
1263	39 
1264	7 
1265	42 
1266	30 
1267	33 
1268	43 
1269	5 
1270	38 
1271	25 
1272	15 
1273	10 
1274	44 
1275	49 
1276	9 
1277	46 
1278	38 
1279	36 
1280	49 
1281	25 
1282	38 
1283	21 
1284	44 
1285	28 
1286	27 
1287	5 
1288	50 
1289	42 
1290	39 
1291	42 
1292	20 
1293	36 
1294	30 
1295	8 
1296	7 
1297	49 
1298	43 
1299	49 
1300	45 
1301	8 
1302	41 
1303	28 
1304	43 
1305	38 
1306	5 
1307	1 
1308	49 
1309	50 
1310	16 
1311	39 
1312	12 
1313	49 
1314	4 
1315	25 
1316	5 
1317	44 
1318	10 
1319	7 
1320	48 
1321	49 
1322	45 
1323	5 
1324	7 
1325	47 
1326	51 
1327	8 
1328	48 
1329	19 
1330	34 
1331	28 
1332	52 
1333	10 
1334	43 
1335	15 
1336	8 
1337	7 
1338	48 
1339	49 
1340	47 
1341	24 
1342	41 
1343	16 
1344	43 
1345	21 
1346	8 
1347	42 
1348	25 
1349	38 
1350	6 
1351	52 
1352	47 
1353	50 
1354	50 
1355	10 
1356	43 
1357	20 
1358	8 
1359	25 
1360	39 
1361	12 
1362	4 
1363	47 
1364	18 
1365	12 
1366	32 
1367	20 
1368	42 
1369	5 
1370	32 
1371	49 
1372	51 
1373	32 
1374	50 
1375	46 
1376	8 
1377	42 
1378	24 
1379	9 
1380	25 
1381	33 
1382	15 
1383	25 
1384	34 
1385	39 
1386	5 
1387	11 
1388	38 
1389	22 
1390	51 
1391	24 
1392	23 
1393	4 
1394	39 
1395	52 
1396	41 
1397	42 
1398	8 
1399	42 
1400	5 
1401	24 
1402	22 
1403	51 
1404	45 
1405	28 
1406	1 
1407	43 
1408	3 
1409	14 
1410	38 
1411	30 
1412	5 
1413	7 
1414	25 
1415	7 
1416	42 
1417	43 
1418	15 
1419	2 
1420	9 
1421	15 
1422	29 
1423	15 
1424	14 
1425	7 
1426	11 
1427	42 
1428	46 
1429	20 
1430	27 
1431	45 
1432	9 
1433	1 
1434	7 
1435	48 
1436	24 
1437	7 
1438	19 
1439	35 
1440	42 
1441	43 
1442	32 
1443	8 
1444	4 
1445	36 
1446	7 
1447	8 
1448	8 
1449	44 
1450	14 
1451	34 
1452	15 
1453	16 
1454	7 
1455	36 
1456	34 
1457	49 
1458	51 
1459	48 
1460	7 
1461	9 
1462	42 
1463	15 
1464	43 
1465	32 
1466	11 
1467	6 
1468	24 
1469	47 
1470	5 
1471	43 
1472	51 
1473	42 
1474	48 
1475	9 
1476	8 
1477	49 
1478	26 
1479	29 
1480	15 
1481	49 
1482	12 
1483	45 
1484	45 
1485	44 
1486	20 
1487	5 
1488	48 
1489	28 
1490	15 
1491	48 
1492	42 
1493	7 
1494	4 
1495	32 
1496	49 
1497	27 
1498	8 
1499	15 
1500	28 
1501	38 
1502	49 
1503	14 
1504	48 
1505	52 
1506	49 
1507	28 
1508	4 
1509	32 
1510	42 
1511	51 
1512	34 
1513	28 
1514	9 
1515	39 
1516	50 
1517	43 
1518	12 
1519	9 
1520	7 
1521	51 
1522	51 
1523	6 
1524	26 
1525	24 
1526	23 
1527	45 
1528	2 
1529	27 
1530	7 
1531	46 
1532	46 
1533	45 
1534	24 
1535	14 
1536	47 
1537	43 
1538	34 
1539	14 
1540	6 
1541	43 
1542	25 
1543	45 
1544	26 
1545	36 
1546	18 
1547	8 
1548	42 
1549	38 
1550	36 
1551	21 
1552	28 
1553	4 
1554	39 
1555	24 
1556	5 
1557	49 
1558	4 
1559	5 
1560	28 
1561	43 
1562	49 
1563	43 
1564	39 
1565	12 
1566	14 
1567	43 
1568	19 
1569	43 
1570	22 
1571	15 
1572	11 
1573	9 
1574	8 
1575	34 
1576	15 
1577	28 
1578	16 
1579	15 
1580	9 
1581	25 
1582	42 
1583	8 
1584	23 
1585	43 
1586	42 
1587	8 
1588	4 
1589	43 
1590	43 
1591	8 
1592	7 
1593	25 
1594	49 
1595	47 
1596	39 
1597	5 
1598	42 
1599	52 
1600	41 
1601	36 
1602	12 
1603	12 
1604	43 
1605	5 
1606	10 
1607	6 
1608	42 
1609	49 
1610	28 
1611	11 
1612	34 
1613	9 
1614	45 
1615	38 
1616	24 
1617	3 
1618	20 
1619	48 
1620	51 
1621	38 
1622	12 
1623	32 
1624	48 
1625	12 
1626	4 
1627	35 
1628	36 
1629	36 
1630	43 
1631	43 
1632	45 
1633	42 
1634	12 
1635	36 
1636	42 
1637	50 
1638	36 
1639	51 
1640	16 
1641	7 
1642	38 
1643	7 
1644	48 
1645	51 
1646	28 
1647	48 
1648	36 
1649	3 
1650	45 
1651	5 
1652	24 
1653	1 
1654	32 
1655	49 
1656	50 
1657	7 
1658	47 
1659	5 
1660	47 
1661	28 
1662	15 
1663	20 
1664	46 
1665	19 
1666	3 
1667	12 
1668	39 
1669	52 
1670	48 
1671	38 
1672	11 
1673	28 
1674	47 
1675	8 
1676	12 
1677	42 
1678	5 
1679	8 
1680	12 
1681	3 
1682	36 
1683	24 
1684	18 
1685	4 
1686	48 
1687	19 
1688	23 
1689	11 
1690	36 
1691	20 
1692	30 
1693	42 
1694	9 
1695	15 
1696	50 
1697	7 
1698	15 
1699	42 
1700	45 
1701	5 
1702	25 
1703	38 
1704	24 
1705	24 
1706	49 
1707	51 
1708	7 
1709	39 
1710	10 
1711	38 
1712	38 
1713	28 
1714	44 
1715	5 
1716	9 
1717	49 
1718	39 
1719	44 
1720	44 
1721	38 
1722	48 
1723	27 
1724	8 
1725	34 
1726	11 
1727	43 
1728	12 
1729	6 
1730	42 
1731	52 
1732	39 
1733	1 
1734	42 
1735	39 
1736	31 
1737	16 
1738	42 
1739	8 
1740	51 
1741	12 
1742	43 
1743	42 
1744	16 
1745	12 
1746	43 
1747	31 
1748	28 
1749	4 
1750	48 
1751	42 
1752	8 
1753	34 
1754	50 
1755	7 
1756	47 
1757	12 
1758	29 
1759	8 
1760	47 
1761	49 
1762	19 
1763	7 
1764	52 
1765	51 
1766	36 
1767	14 
1768	19 
1769	45 
1770	33 
1771	13 
1772	47 
1773	28 
1774	42 
1775	39 
1776	8 
1777	27 
1778	32 
1779	4 
1780	1 
1781	22 
1782	10 
1783	51 
1784	35 
1785	5 
1786	12 
1787	49 
1788	39 
1789	14 
1790	49 
1791	36 
1792	47 
1793	49 
1794	29 
1795	25 
1796	22 
1797	5 
1798	15 
1799	9 
1800	35 
1801	33 
1802	52 
1803	7 
1804	33 
1805	5 
1806	9 
1807	12 
1808	35 
1809	8 
1810	51 
1811	8 
1812	16 
1813	47 
1814	51 
1815	16 
1816	8 
1817	34 
1818	15 
1819	17 
1820	12 
1821	29 
1822	8 
1823	51 
1824	25 
1825	51 
1826	49 
1827	46 
1828	47 
1829	51 
1830	48 
1831	48 
1832	5 
1833	50 
1834	7 
1835	4 
1836	1 
1837	49 
1838	49 
1839	35 
1840	1 
1841	1 
1842	45 
1843	45 
1844	10 
1845	7 
1846	7 
1847	7 
1848	16 
1849	39 
1850	31 
1851	51 
1852	19 
1853	49 
1854	38 
1855	48 
1856	51 
1857	17 
1858	8 
1859	12 
1860	13 
1861	25 
1862	42 
1863	28 
1864	38 
1865	4 
1866	7 
1867	12 
1868	5 
1869	43 
1870	51 
1871	18 
1872	34 
1873	51 
1874	49 
1875	11 
1876	23 
1877	46 
1878	46 
1879	5 
1880	39 
1881	7 
1882	11 
1883	4 
1884	40 
1885	19 
1886	22 
1887	43 
1888	5 
1889	39 
1890	32 
1891	7 
1892	42 
1893	7 
1894	32 
1895	45 
1896	47 
1897	24 
1898	8 
1899	47 
1900	51 
1901	42 
1902	12 
1903	8 
1904	11 
1905	42 
1906	48 
1907	50 
1908	33 
1909	43 
1910	38 
1911	34 
1912	4 
1913	19 
1914	30 
1915	50 
1916	25 
1917	28 
1918	25 
1919	45 
1920	27 
1921	27 
1922	7 
1923	27 
1924	26 
1925	34 
1926	49 
1927	3 
1928	28 
1929	48 
1930	14 
1931	4 
1932	49 
1933	44 
1934	16 
1935	49 
1936	32 
1937	7 
1938	42 
1939	12 
1940	51 
1941	38 
1942	4 
1943	25 
1944	50 
1945	43 
1946	24 
1947	7 
1948	45 
1949	49 
1950	9 
1951	8 
1952	42 
1953	7 
1954	7 
1955	39 
1956	43 
1957	29 
1958	49 
1959	26 
1960	38 
1961	16 
1962	44 
1963	50 
1964	7 
1965	45 
1966	48 
1967	7 
1968	25 
1969	29 
1970	44 
1971	39 
1972	33 
1973	42 
1974	42 
1975	43 
1976	8 
1977	28 
1978	42 
1979	7 
1980	3 
1981	43 
1982	23 
1983	46 
1984	39 
1985	5 
1986	46 
1987	42 
1988	8 
1989	47 
1990	46 
1991	45 
1992	9 
1993	31 
1994	11 
1995	8 
1996	48 
1997	21 
1998	47 
1999	47 
2000	33 
2001	12 
2002	36 
2003	51 
2004	32 
2005	25 
2006	23 
2007	12 
2008	45 
2009	15 
2010	9 
2011	48 
2012	39 
2013	39 
2014	5 
2015	52 
2016	39 
2017	28 
2018	16 
2019	36 
2020	47 
2021	7 
2022	35 
2023	6 
2024	43 
2025	42 
2026	25 
2027	2 
2028	39 
2029	42 
2030	12 
2031	30 
2032	49 
2033	51 
2034	25 
2035	4 
2036	6 
2037	1 
2038	31 
2039	42 
2040	19 
2041	49 
2042	27 
2043	43 
2044	45 
2045	34 
2046	43 
2047	47 
2048	42 
2049	20 
2050	24 
2051	47 
2052	27 
2053	44 
2054	26 
2055	10 
2056	43 
2057	43 
2058	28 
2059	39 
2060	30 
2061	11 
2062	7 
2063	51 
2064	27 
2065	25 
2066	47 
2067	34 
2068	5 
2069	47 
2070	47 
2071	11 
2072	43 
2073	28 
2074	29 
2075	9 
2076	24 
2077	39 
2078	49 
2079	47 
2080	18 
2081	52 
2082	38 
2083	51 
2084	42 
2085	49 
2086	45 
2087	7 
2088	48 
2089	38 
2090	47 
2091	35 
2092	27 
2093	8 
2094	25 
2095	7 
2096	14 
2097	47 
2098	49 
2099	39 
2100	52 
2101	26 
2102	45 
2103	7 
2104	49 
2105	39 
2106	49 
2107	50 
2108	48 
2109	5 
2110	38 
2111	38 
2112	39 
2113	9 
2114	42 
2115	47 
2116	20 
2117	35 
2118	8 
2119	25 
2120	7 
2121	45 
2122	40 
2123	38 
2124	22 
2125	28 
2126	42 
2127	8 
2128	51 
2129	51 
2130	50 
2131	42 
2132	45 
2133	46 
2134	42 
2135	36 
2136	49 
2137	5 
2138	28 
2139	39 
2140	39 
2141	51 
2142	47 
2143	12 
2144	45 
2145	7 
2146	29 
2147	25 
2148	51 
2149	7 
2150	36 
2151	23 
2152	49 
2153	1 
2154	37 
2155	47 
2156	39 
2157	9 
2158	50 
2159	8 
2160	33 
2161	3 
2162	46 
2163	15 
2164	38 
2165	42 
2166	47 
2167	5 
2168	48 
2169	51 
2170	3 
2171	25 
2172	39 
2173	8 
2174	8 
2175	12 
2176	16 
2177	47 
2178	7 
2179	9 
2180	4 
2181	26 
2182	44 
2183	21 
2184	12 
2185	12 
2186	16 
2187	43 
2188	33 
2189	10 
2190	35 
2191	26 
2192	32 
2193	43 
2194	24 
2195	7 
2196	44 
2197	8 
2198	28 
2199	36 
2200	43 
2201	49 
2202	51 
2203	26 
2204	39 
2205	49 
2206	7 
2207	4 
2208	7 
2209	20 
2210	12 
2211	47 
2212	43 
2213	47 
2214	42 
2215	3 
2216	52 
2217	38 
2218	44 
2219	50 
2220	12 
2221	39 
2222	34 
2223	8 
2224	10 
2225	43 
2226	26 
2227	31 
2228	48 
2229	39 
2230	36 
2231	43 
2232	11 
2233	7 
2234	51 
2235	34 
2236	3 
2237	25 
2238	38 
2239	48 
2240	39 
2241	9 
2242	49 
2243	4 
2244	30 
2245	9 
2246	43 
2247	52 
2248	45 
2249	9 
2250	38 
2251	42 
2252	10 
2253	39 
2254	25 
2255	4 
2256	12 
2257	7 
2258	20 
2259	17 
2260	21 
2261	39 
2262	32 
2263	7 
2264	38 
2265	50 
2266	36 
2267	51 
2268	44 
2269	49 
2270	51 
2271	42 
2272	50 
2273	17 
2274	5 
2275	10 
2276	28 
2277	43 
2278	11 
2279	5 
2280	42 
2281	33 
2282	49 
2283	5 
2284	39 
2285	16 
2286	8 
2287	7 
2288	11 
2289	7 
2290	47 
2291	15 
2292	3 
2293	51 
2294	12 
2295	52 
2296	28 
2297	12 
2298	1 
2299	8 
2300	11 
2301	10 
2302	7 
2303	1 
2304	42 
2305	4 
2306	47 
2307	19 
2308	51 
2309	8 
2310	47 
2311	45 
2312	34 
2313	33 
2314	8 
2315	4 
2316	25 
2317	9 
2318	7 
2319	15 
2320	1 
2321	48 
2322	6 
2323	15 
2324	12 
2325	51 
2326	47 
2327	47 
2328	47 
2329	9 
2330	5 
2331	7 
2332	14 
2333	38 
2334	42 
2335	47 
2336	31 
2337	43 
2338	40 
2339	28 
2340	7 
2341	39 
2342	33 
2343	45 
2344	27 
2345	9 
2346	39 
2347	39 
2348	4 
2349	51 
2350	38 
2351	33 
2352	24 
2353	51 
2354	25 
2355	11 
2356	12 
2357	38 
2358	14 
2359	17 
2360	49 
2361	43 
2362	8 
2363	43 
2364	15 
2365	9 
2366	12 
2367	49 
2368	4 
2369	42 
2370	7 
2371	51 
2372	36 
2373	51 
2374	36 
2375	42 
2376	25 
2377	26 
2378	8 
2379	39 
2380	29 
2381	50 
2382	51 
2383	5 
2384	43 
2385	16 
2386	34 
2387	8 
2388	43 
2389	5 
2390	24 
2391	37 
2392	42 
2393	34 
2394	12 
2395	44 
2396	44 
2397	38 
2398	7 
2399	45 
2400	14 
2401	42 
2402	2 
2403	22 
2404	19 
2405	7 
2406	38 
2407	5 
2408	49 
2409	20 
2410	5 
2411	12 
2412	8 
2413	4 
2414	49 
2415	42 
2416	8 
2417	12 
2418	28 
2419	46 
2420	47 
2421	47 
2422	51 
2423	52 
2424	39 
2425	32 
2426	49 
2427	46 
2428	25 
2429	32 
2430	4 
2431	12 
2432	1 
2433	7 
2434	18 
2435	26 
2436	38 
2437	51 
2438	28 
2439	38 
2440	9 
2441	28 
2442	15 
2443	46 
2444	12 
2445	32 
2446	7 
2447	49 
2448	42 
2449	42 
2450	12 
2451	20 
2452	15 
2453	51 
2454	16 
2455	34 
2456	39 
2457	44 
2458	51 
2459	43 
2460	49 
2461	50 
2462	16 
2463	46 
2464	44 
2465	48 
2466	39 
2467	29 
2468	5 
2469	50 
2470	49 
2471	50 
2472	25 
2473	51 
2474	39 
2475	7 
2476	51 
2477	35 
2478	36 
2479	39 
2480	7 
2481	18 
2482	15 
2483	24 
2484	38 
2485	48 
2486	11 
2487	44 
2488	25 
2489	20 
2490	9 
2491	32 
2492	30 
2493	4 
2494	4 
2495	20 
2496	7 
2497	9 
2498	43 
2499	29 
2500	11 
2501	31 
2502	22 
2503	28 
2504	15 
2505	20 
2506	43 
2507	6 
2508	51 
2509	42 
2510	30 
2511	28 
2512	12 
2513	15 
2514	28 
2515	36 
2516	45 
2517	8 
2518	25 
2519	37 
2520	38 
2521	28 
2522	28 
2523	44 
2524	43 
2525	9 
2526	50 
2527	32 
2528	20 
2529	25 
2530	12 
2531	32 
2532	52 
2533	36 
2534	39 
2535	6 
2536	49 
2537	36 
2538	28 
2539	12 
2540	38 
2541	7 
2542	28 
2543	5 
2544	34 
2545	8 
2546	23 
2547	51 
2548	26 
2549	42 
2550	40 
2551	20 
2552	7 
2553	39 
2554	15 
2555	38 
2556	48 
2557	16 
2558	50 
2559	12 
2560	6 
2561	29 
2562	51 
2563	8 
2564	39 
2565	12 
2566	47 
2567	46 
2568	34 
2569	23 
2570	36 
2571	12 
2572	50 
2573	49 
2574	43 
2575	36 
2576	48 
2577	22 
2578	52 
2579	18 
2580	7 
2581	24 
2582	36 
2583	49 
2584	48 
2585	39 
2586	46 
2587	41 
2588	47 
2589	8 
2590	37 
2591	51 
2592	39 
2593	7 
2594	26 
2595	49 
2596	9 
2597	45 
2598	39 
2599	43 
2600	5 
2601	51 
2602	48 
2603	48 
2604	25 
2605	47 
2606	24 
2607	8 
2608	5 
2609	39 
2610	25 
2611	22 
2612	30 
2613	42 
2614	39 
2615	48 
2616	32 
2617	9 
2618	48 
2619	34 
2620	41 
2621	8 
2622	17 
2623	36 
2624	8 
2625	51 
2626	51 
2627	36 
2628	5 
2629	51 
2630	12 
2631	42 
2632	31 
2633	46 
2634	32 
2635	44 
2636	31 
2637	29 
2638	47 
2639	42 
2640	38 
2641	51 
2642	20 
2643	4 
2644	7 
2645	25 
2646	9 
2647	36 
2648	50 
2649	9 
2650	49 
2651	5 
2652	51 
2653	51 
2654	26 
2655	4 
2656	29 
2657	28 
2658	12 
2659	42 
2660	39 
2661	14 
2662	39 
2663	42 
2664	19 
2665	4 
2666	29 
2667	23 
2668	9 
2669	12 
2670	8 
2671	42 
2672	39 
2673	49 
2674	42 
2675	5 
2676	39 
2677	39 
2678	52 
2679	12 
2680	25 
2681	32 
2682	5 
2683	8 
2684	43 
2685	49 
2686	30 
2687	28 
2688	12 
2689	21 
2690	49 
2691	24 
2692	46 
2693	11 
2694	37 
2695	42 
2696	25 
2697	45 
2698	32 
2699	43 
2700	5 
2701	36 
2702	28 
2703	43 
2704	12 
2705	51 
2706	11 
2707	43 
2708	26 
2709	28 
2710	31 
2711	38 
2712	11 
2713	28 
2714	42 
2715	4 
2716	50 
2717	27 
2718	28 
2719	28 
2720	8 
2721	35 
2722	50 
2723	42 
2724	25 
2725	44 
2726	41 
2727	12 
2728	25 
2729	25 
2730	20 
2731	9 
2732	24 
2733	50 
2734	12 
2735	42 
2736	15 
2737	9 
2738	20 
2739	5 
2740	25 
2741	36 
2742	20 
2743	29 
2744	9 
2745	9 
2746	42 
2747	43 
2748	25 
2749	25 
2750	2 
2751	47 
2752	51 
2753	39 
2754	42 
2755	20 
2756	43 
2757	16 
2758	50 
2759	51 
2760	12 
2761	8 
2762	7 
2763	48 
2764	8 
2765	14 
2766	5 
2767	49 
2768	49 
2769	7 
2770	40 
2771	28 
2772	30 
2773	9 
2774	4 
2775	36 
2776	44 
2777	50 
2778	33 
2779	16 
2780	4 
2781	12 
2782	47 
2783	13 
2784	7 
2785	4 
2786	51 
2787	44 
2788	51 
2789	25 
2790	51 
2791	39 
2792	7 
2793	14 
2794	31 
2795	8 
2796	2 
2797	35 
2798	43 
2799	43 
2800	50 
2801	10 
2802	8 
2803	30 
2804	43 
2805	25 
2806	47 
2807	47 
2808	8 
2809	49 
2810	7 
2811	51 
2812	40 
2813	41 
2814	12 
2815	20 
2816	43 
2817	43 
2818	33 
2819	51 
2820	38 
2821	22 
2822	5 
2823	4 
2824	49 
2825	43 
2826	9 
2827	11 
2828	24 
2829	25 
2830	44 
2831	43 
2832	42 
2833	8 
2834	5 
2835	4 
2836	11 
2837	43 
2838	7 
2839	47 
2840	6 
2841	8 
2842	42 
2843	11 
2844	32 
2845	38 
2846	43 
2847	5 
2848	16 
2849	17 
2850	19 
2851	16 
2852	32 
2853	5 
2854	47 
2855	12 
2856	25 
2857	49 
2858	14 
2859	50 
2860	25 
2861	52 
2862	12 
2863	43 
2864	51 
2865	14 
2866	43 
2867	32 
2868	25 
2869	48 
2870	35 
2871	8 
2872	20 
2873	49 
2874	28 
2875	49 
2876	27 
2877	15 
2878	9 
2879	22 
2880	34 
2881	51 
2882	11 
2883	42 
2884	8 
2885	29 
2886	32 
2887	32 
2888	2 
2889	1 
2890	25 
2891	39 
2892	43 
2893	36 
2894	47 
2895	7 
2896	39 
2897	25 
2898	48 
2899	18 
2900	49 
2901	5 
2902	39 
2903	42 
2904	38 
2905	2 
2906	43 
2907	49 
2908	7 
2909	16 
2910	40 
2911	16 
2912	36 
2913	20 
2914	51 
2915	25 
2916	48 
2917	5 
2918	25 
2919	38 
2920	32 
2921	15 
2922	39 
2923	48 
2924	22 
2925	19 
2926	5 
2927	39 
2928	47 
2929	25 
2930	43 
2931	27 
2932	12 
2933	50 
2934	7 
2935	11 
2936	20 
2937	45 
2938	49 
2939	51 
2940	7 
2941	8 
2942	33 
2943	12 
2944	8 
2945	47 
2946	36 
2947	43 
2948	8 
2949	1 
2950	43 
2951	51 
2952	50 
2953	12 
2954	26 
2955	35 
2956	12 
2957	39 
2958	52 
2959	38 
2960	12 
2961	42 
2962	5 
2963	30 
2964	11 
2965	43 
2966	12 
2967	34 
2968	36 
2969	5 
2970	43 
2971	50 
2972	49 
2973	8 
2974	36 
2975	38 
2976	28 
2977	50 
2978	36 
2979	33 
2980	25 
2981	9 
2982	48 
2983	43 
2984	50 
2985	48 
2986	52 
2987	12 
2988	25 
2989	51 
2990	51 
2991	8 
2992	24 
2993	48 
2994	14 
2995	7 
2996	8 
2997	25 
2998	23 
2999	25 
3000	27 
3001	39 
3002	52 
3003	43 
3004	39 
3005	33 
3006	42 
3007	47 
3008	20 
3009	34 
3010	8 
3011	47 
3012	5 
3013	40 
3014	4 
3015	33 
3016	20 
3017	50 
3018	43 
3019	8 
3020	50 
3021	24 
3022	13 
3023	49 
3024	7 
3025	12 
3026	9 
3027	50 
3028	42 
3029	45 
3030	34 
3031	25 
3032	8 
3033	45 
3034	27 
3035	34 
3036	16 
3037	39 
3038	45 
3039	18 
3040	34 
3041	12 
3042	38 
3043	32 
3044	49 
3045	28 
3046	42 
3047	39 
3048	9 
3049	35 
3050	14 
3051	8 
3052	52 
3053	49 
3054	26 
3055	5 
3056	10 
3057	28 
3058	10 
3059	39 
3060	36 
3061	44 
3062	32 
3063	4 
3064	42 
3065	45 
3066	51 
3067	50 
3068	47 
3069	41 
3070	8 
3071	28 
3072	8 
3073	16 
3074	34 
3075	26 
3076	48 
3077	49 
3078	39 
3079	7 
3080	33 
3081	4 
3082	8 
3083	12 
3084	52 
3085	5 
3086	12 
3087	24 
3088	44 
3089	28 
3090	12 
3091	9 
3092	14 
3093	26 
3094	1 
3095	6 
3096	24 
3097	43 
3098	3 
3099	51 
3100	25 
3101	51 
3102	36 
3103	29 
3104	44 
3105	42 
3106	12 
3107	12 
3108	4 
3109	25 
3110	12 
3111	49 
3112	10 
3113	47 
3114	17 
3115	7 
3116	43 
3117	16 
3118	26 
3119	30 
3120	29 
3121	5 
3122	47 
3123	4 
3124	25 
3125	38 
3126	4 
3127	47 
3128	9 
3129	32 
3130	6 
3131	43 
3132	9 
3133	43 
3134	24 
3135	28 
3136	17 
3137	41 
3138	26 
3139	32 
3140	25 
3141	51 
3142	49 
3143	45 
3144	49 
3145	25 
3146	9 
3147	45 
3148	5 
3149	4 
3150	12 
3151	45 
3152	47 
3153	9 
3154	7 
3155	5 
3156	7 
3157	34 
3158	16 
3159	28 
3160	24 
3161	24 
3162	39 
3163	25 
3164	31 
3165	51 
3166	40 
3167	43 
3168	36 
3169	21 
3170	9 
3171	22 
3172	7 
3173	28 
3174	51 
3175	35 
3176	10 
3177	42 
3178	39 
3179	43 
3180	5 
3181	25 
3182	49 
3183	45 
3184	33 
3185	8 
3186	5 
3187	27 
3188	11 
3189	10 
3190	7 
3191	39 
3192	51 
3193	42 
3194	52 
3195	22 
3196	43 
3197	10 
3198	1 
3199	42 
3200	49 
3201	48 
3202	28 
3203	15 
3204	8 
3205	44 
3206	43 
3207	51 
3208	34 
3209	46 
3210	48 
3211	43 
3212	50 
3213	3 
3214	42 
3215	50 
3216	38 
3217	41 
3218	12 
3219	47 
3220	52 
3221	34 
3222	42 
3223	43 
3224	28 
3225	51 
3226	4 
3227	24 
3228	42 
3229	23 
3230	49 
3231	50 
3232	48 
3233	42 
3234	36 
3235	8 
3236	34 
3237	14 
3238	5 
3239	9 
3240	28 
3241	45 
3242	39 
3243	29 
3244	39 
3245	45 
3246	5 
3247	5 
3248	45 
3249	47 
3250	49 
3251	26 
3252	28 
3253	25 
3254	7 
3255	34 
3256	49 
3257	47 
3258	25 
3259	36 
3260	50 
3261	25 
3262	47 
3263	50 
3264	24 
3265	28 
3266	33 
3267	40 
3268	49 
3269	39 
3270	27 
3271	41 
3272	43 
3273	38 
3274	34 
3275	28 
3276	7 
3277	32 
3278	51 
3279	16 
3280	47 
3281	43 
3282	47 
3283	32 
3284	14 
3285	26 
3286	16 
3287	7 
3288	50 
3289	38 
3290	48 
3291	7 
3292	46 
3293	4 
3294	15 
3295	42 
3296	12 
3297	42 
3298	47 
3299	51 
3300	28 
3301	31 
3302	43 
3303	49 
3304	47 
3305	5 
3306	14 
3307	9 
3308	29 
3309	50 
3310	30 
3311	8 
3312	43 
3313	12 
3314	42 
3315	28 
3316	31 
3317	49 
3318	39 
3319	5 
3320	1 
3321	52 
3322	7 
3323	7 
3324	47 
3325	21 
3326	51 
3327	8 
3328	39 
3329	34 
3330	47 
3331	23 
3332	12 
3333	51 
3334	1 
3335	7 
3336	7 
3337	52 
3338	27 
3339	48 
3340	20 
3341	43 
3342	8 
3343	49 
3344	12 
3345	45 
3346	9 
3347	39 
3348	24 
3349	45 
3350	4 
3351	48 
3352	5 
3353	25 
3354	25 
3355	3 
3356	5 
3357	12 
3358	49 
3359	34 
3360	49 
3361	34 
3362	45 
3363	43 
3364	36 
3365	4 
3366	38 
3367	46 
3368	44 
3369	8 
3370	12 
3371	17 
3372	44 
3373	48 
3374	47 
3375	26 
3376	5 
3377	39 
3378	12 
3379	32 
3380	7 
3381	49 
3382	25 
3383	15 
3384	5 
3385	32 
3386	51 
3387	50 
3388	2 
3389	12 
3390	49 
3391	8 
3392	20 
3393	43 
3394	52 
3395	25 
3396	28 
3397	46 
3398	43 
3399	35 
3400	28 
3401	39 
3402	51 
3403	3 
3404	36 
3405	48 
3406	14 
3407	51 
3408	13 
3409	32 
3410	42 
3411	5 
3412	51 
3413	50 
3414	31 
3415	42 
3416	25 
3417	5 
3418	50 
3419	16 
3420	40 
3421	7 
3422	36 
3423	51 
3424	36 
3425	36 
3426	16 
3427	36 
3428	26 
3429	45 
3430	25 
3431	51 
3432	7 
3433	17 
3434	39 
3435	51 
3436	14 
3437	45 
3438	38 
3439	43 
3440	1 
3441	11 
3442	51 
3443	28 
3444	24 
3445	35 
3446	12 
3447	32 
3448	48 
3449	43 
3450	51 
3451	36 
3452	49 
3453	49 
3454	12 
3455	14 
3456	49 
3457	20 
3458	7 
3459	43 
3460	50 
3461	4 
3462	5 
3463	42 
3464	4 
3465	26 
3466	12 
3467	37 
3468	22 
3469	51 
3470	25 
3471	25 
3472	45 
3473	7 
3474	39 
3475	12 
3476	50 
3477	52 
3478	25 
3479	49 
3480	39 
3481	25 
3482	48 
3483	48 
3484	43 
3485	47 
3486	29 
3487	52 
3488	14 
3489	42 
3490	48 
3491	49 
3492	28 
3493	7 
3494	39 
3495	49 
3496	9 
3497	2 
3498	12 
3499	47 
3500	22 
3501	8 
3502	52 
3503	8 
3504	42 
3505	24 
3506	51 
3507	32 
3508	51 
3509	21 
3510	4 
3511	5 
3512	7 
3513	8 
3514	44 
3515	52 
3516	24 
3517	51 
3518	24 
3519	49 
3520	39 
3521	25 
3522	51 
3523	8 
3524	28 
3525	38 
3526	11 
3527	43 
3528	5 
3529	28 
3530	38 
3531	39 
3532	9 
3533	51 
3534	43 
3535	28 
3536	11 
3537	42 
3538	47 
3539	43 
3540	38 
3541	24 
3542	25 
3543	42 
3544	43 
3545	47 
3546	34 
3547	44 
3548	12 
3549	9 
3550	32 
3551	47 
3552	13 
3553	42 
3554	50 
3555	39 
3556	7 
3557	45 
3558	49 
3559	36 
3560	7 
3561	51 
3562	45 
3563	44 
3564	8 
3565	46 
3566	36 
3567	11 
3568	43 
3569	19 
3570	39 
3571	49 
3572	31 
3573	6 
3574	28 
3575	8 
3576	51 
3577	51 
3578	25 
3579	7 
3580	43 
3581	21 
3582	1 
3583	47 
3584	7 
3585	46 
3586	28 
3587	29 
3588	28 
3589	49 
3590	47 
3591	38 
3592	46 
3593	28 
3594	25 
3595	47 
3596	32 
3597	43 
3598	4 
3599	19 
3600	7 
3601	8 
3602	22 
3603	38 
3604	47 
3605	49 
3606	44 
3607	15 
3608	14 
3609	45 
3610	28 
3611	25 
3612	4 
3613	11 
3614	28 
3615	45 
3616	6 
3617	5 
3618	43 
3619	15 
3620	42 
3621	24 
3622	51 
3623	11 
3624	5 
3625	46 
3626	45 
3627	25 
3628	45 
3629	16 
3630	9 
3631	11 
3632	42 
3633	39 
3634	50 
3635	51 
3636	50 
3637	31 
3638	21 
3639	7 
3640	34 
3641	38 
3642	47 
3643	39 
3644	36 
3645	38 
3646	52 
3647	10 
3648	7 
3649	28 
3650	45 
3651	50 
3652	43 
3653	25 
3654	52 
3655	32 
3656	45 
3657	13 
3658	8 
3659	5 
3660	23 
3661	7 
3662	38 
3663	47 
3664	42 
3665	11 
3666	49 
3667	38 
3668	19 
3669	25 
3670	50 
3671	47 
3672	28 
3673	51 
3674	47 
3675	8 
3676	30 
3677	42 
3678	47 
3679	25 
3680	31 
3681	39 
3682	26 
3683	42 
3684	36 
3685	7 
3686	50 
3687	2 
3688	45 
3689	24 
3690	35 
3691	24 
3692	51 
3693	46 
3694	15 
3695	42 
3696	21 
3697	41 
3698	36 
3699	8 
3700	47 
3701	49 
3702	44 
3703	39 
3704	46 
3705	10 
3706	25 
3707	7 
3708	44 
3709	12 
3710	5 
3711	22 
3712	5 
3713	45 
3714	42 
3715	9 
3716	49 
3717	42 
3718	29 
3719	36 
3720	20 
3721	8 
3722	8 
3723	29 
3724	11 
3725	8 
3726	7 
3727	12 
3728	50 
3729	47 
3730	42 
3731	39 
3732	21 
3733	8 
3734	43 
3735	33 
3736	9 
3737	44 
3738	49 
3739	36 
3740	49 
3741	47 
3742	46 
3743	5 
3744	25 
3745	29 
3746	46 
3747	25 
3748	45 
3749	49 
3750	6 
3751	22 
3752	51 
3753	36 
3754	47 
3755	38 
3756	47 
3757	42 
3758	49 
3759	42 
3760	45 
3761	5 
3762	43 
3763	15 
3764	30 
3765	9 
3766	4 
3767	7 
3768	48 
3769	52 
3770	5 
3771	49 
3772	4 
3773	39 
3774	21 
3775	19 
3776	28 
3777	42 
3778	5 
3779	5 
3780	50 
3781	4 
3782	51 
3783	38 
3784	4 
3785	51 
3786	17 
3787	52 
3788	30 
3789	9 
3790	28 
3791	45 
3792	51 
3793	28 
3794	21 
3795	51 
3796	5 
3797	8 
3798	46 
3799	43 
3800	7 
3801	20 
3802	44 
3803	5 
3804	35 
3805	35 
3806	7 
3807	17 
3808	47 
3809	49 
3810	52 
3811	25 
3812	42 
3813	43 
3814	4 
3815	31 
3816	51 
3817	16 
3818	5 
3819	45 
3820	15 
3821	15 
3822	39 
3823	42 
3824	12 
3825	39 
3826	7 
3827	42 
3828	45 
3829	15 
3830	12 
3831	33 
3832	16 
3833	5 
3834	44 
3835	1 
3836	8 
3837	35 
3838	24 
3839	15 
3840	8 
3841	32 
3842	28 
3843	20 
3844	47 
3845	25 
3846	12 
3847	38 
3848	49 
3849	43 
3850	7 
3851	49 
3852	49 
3853	50 
3854	47 
3855	29 
3856	34 
3857	49 
3858	51 
3859	28 
3860	20 
3861	44 
3862	38 
3863	28 
3864	16 
3865	34 
3866	16 
3867	20 
3868	42 
3869	49 
3870	32 
3871	50 
3872	4 
3873	16 
3874	9 
3875	35 
3876	49 
3877	25 
3878	10 
3879	10 
3880	8 
3881	7 
3882	14 
3883	12 
3884	8 
3885	4 
3886	51 
3887	36 
3888	18 
3889	32 
3890	44 
3891	25 
3892	49 
3893	15 
3894	4 
3895	20 
3896	31 
3897	52 
3898	21 
3899	11 
3900	11 
3901	34 
3902	42 
3903	49 
3904	12 
3905	35 
3906	28 
3907	28 
3908	7 
3909	8 
3910	4 
3911	32 
3912	47 
3913	21 
3914	38 
3915	42 
3916	39 
3917	49 
3918	28 
3919	44 
3920	25 
3921	15 
3922	45 
3923	27 
3924	32 
3925	12 
3926	42 
3927	36 
3928	5 
3929	20 
3930	32 
3931	49 
3932	21 
3933	5 
3934	16 
3935	26 
3936	12 
3937	5 
3938	23 
3939	25 
3940	43 
3941	45 
3942	44 
3943	29 
3944	50 
3945	49 
3946	20 
3947	40 
3948	5 
3949	16 
3950	38 
3951	32 
3952	49 
3953	12 
3954	8 
3955	51 
3956	7 
3957	24 
3958	7 
3959	51 
3960	25 
3961	51 
3962	49 
3963	52 
3964	49 
3965	47 
3966	15 
3967	50 
3968	8 
3969	7 
3970	5 
3971	38 
3972	39 
3973	28 
3974	48 
3975	36 
3976	38 
3977	5 
3978	46 
3979	1 
3980	7 
3981	42 
3982	51 
3983	39 
3984	9 
3985	8 
3986	12 
3987	28 
3988	49 
3989	43 
3990	33 
3991	32 
3992	42 
3993	43 
3994	51 
3995	25 
3996	1 
3997	26 
3998	7 
3999	38 
4000	39 
4001	51 
4002	7 
4003	49 
4004	48 
4005	9 
4006	33 
4007	49 
4008	50 
4009	43 
4010	24 
4011	17 
4012	38 
4013	43 
4014	12 
4015	25 
4016	3 
4017	39 
4018	35 
4019	35 
4020	5 
4021	26 
4022	50 
4023	36 
4024	47 
4025	34 
4026	5 
4027	16 
4028	51 
4029	12 
4030	25 
4031	39 
4032	49 
4033	26 
4034	51 
4035	8 
4036	27 
4037	8 
4038	7 
4039	29 
4040	26 
4041	9 
4042	42 
4043	6 
4044	15 
4045	25 
4046	44 
4047	24 
4048	13 
4049	51 
4050	28 
4051	8 
4052	25 
4053	51 
4054	7 
4055	37 
4056	52 
4057	5 
4058	21 
4059	25 
4060	24 
4061	51 
4062	39 
4063	8 
4064	43 
4065	16 
4066	1 
4067	45 
4068	30 
4069	51 
4070	28 
4071	51 
4072	42 
4073	34 
4074	32 
4075	47 
4076	47 
4077	45 
4078	8 
4079	50 
4080	5 
4081	49 
4082	49 
4083	49 
4084	25 
4085	36 
4086	8 
4087	38 
4088	36 
4089	32 
4090	49 
4091	43 
4092	5 
4093	10 
4094	42 
4095	41 
4096	8 
4097	15 
4098	12 
4099	48 
4100	47 
4101	49 
4102	24 
4103	7 
4104	28 
4105	15 
4106	39 
4107	45 
4108	10 
4109	12 
4110	12 
4111	32 
4112	38 
4113	32 
4114	17 
4115	45 
4116	15 
4117	42 
4118	11 
4119	5 
4120	16 
4121	11 
4122	5 
4123	43 
4124	16 
4125	16 
4126	39 
4127	21 
4128	4 
4129	8 
4130	51 
4131	16 
4132	42 
4133	30 
4134	5 
4135	50 
4136	28 
4137	28 
4138	36 
4139	30 
4140	26 
4141	7 
4142	25 
4143	47 
4144	7 
4145	8 
4146	1 
4147	39 
4148	12 
4149	28 
4150	42 
4151	7 
4152	51 
4153	16 
4154	45 
4155	52 
4156	52 
4157	46 
4158	43 
4159	49 
4160	22 
4161	46 
4162	35 
4163	15 
4164	36 
4165	7 
4166	8 
4167	39 
4168	4 
4169	36 
4170	28 
4171	49 
4172	25 
4173	9 
4174	33 
4175	51 
4176	49 
4177	39 
4178	46 
4179	38 
4180	47 
4181	51 
4182	8 
4183	38 
4184	4 
4185	40 
4186	39 
4187	31 
4188	7 
4189	39 
4190	49 
4191	16 
4192	21 
4193	8 
4194	48 
4195	49 
4196	4 
4197	40 
4198	14 
4199	49 
4200	51 
4201	7 
4202	42 
4203	21 
4204	12 
4205	28 
4206	24 
4207	45 
4208	15 
4209	45 
4210	24 
4211	49 
4212	36 
4213	26 
4214	39 
4215	52 
4216	51 
4217	22 
4218	17 
4219	23 
4220	52 
4221	25 
4222	32 
4223	12 
4224	50 
4225	29 
4226	51 
4227	4 
4228	7 
4229	38 
4230	20 
4231	51 
4232	43 
4233	24 
4234	52 
4235	5 
4236	45 
4237	8 
4238	38 
4239	27 
4240	45 
4241	38 
4242	4 
4243	38 
4244	15 
4245	39 
4246	45 
4247	16 
4248	24 
4249	27 
4250	12 
4251	8 
4252	16 
4253	39 
4254	28 
4255	13 
4256	34 
4257	43 
4258	42 
4259	5 
4260	38 
4261	4 
4262	32 
4263	44 
4264	25 
4265	47 
4266	43 
4267	25 
4268	12 
4269	39 
4270	47 
4271	43 
4272	5 
4273	36 
4274	48 
4275	12 
4276	48 
4277	28 
4278	25 
4279	47 
4280	12 
4281	47 
4282	26 
4283	46 
4284	27 
4285	6 
4286	35 
4287	36 
4288	39 
4289	49 
4290	5 
4291	28 
4292	36 
4293	6 
4294	48 
4295	5 
4296	16 
4297	36 
4298	15 
4299	8 
4300	1 
4301	49 
4302	5 
4303	12 
4304	42 
4305	49 
4306	43 
4307	5 
4308	16 
4309	24 
4310	36 
4311	7 
4312	8 
4313	7 
4314	7 
4315	48 
4316	3 
4317	11 
4318	5 
4319	12 
4320	42 
4321	33 
4322	12 
4323	11 
4324	46 
4325	45 
4326	47 
4327	52 
4328	42 
4329	9 
4330	32 
4331	51 
4332	25 
4333	43 
4334	45 
4335	21 
4336	4 
4337	52 
4338	45 
4339	47 
4340	39 
4341	39 
4342	47 
4343	16 
4344	38 
4345	27 
4346	1 
4347	29 
4348	45 
4349	34 
4350	8 
4351	52 
4352	24 
4353	52 
4354	19 
4355	34 
4356	43 
4357	39 
4358	39 
4359	42 
4360	39 
4361	49 
4362	30 
4363	38 
4364	52 
4365	39 
4366	36 
4367	28 
4368	39 
4369	20 
4370	7 
4371	36 
4372	12 
4373	51 
4374	49 
4375	7 
4376	36 
4377	50 
4378	26 
4379	42 
4380	15 
4381	16 
4382	50 
4383	15 
4384	43 
4385	5 
4386	47 
4387	4 
4388	12 
4389	46 
4390	4 
4391	52 
4392	7 
4393	34 
4394	12 
4395	39 
4396	8 
4397	44 
4398	43 
4399	8 
4400	29 
4401	38 
4402	49 
4403	32 
4404	46 
4405	52 
4406	39 
4407	39 
4408	5 
4409	7 
4410	39 
4411	5 
4412	12 
4413	21 
4414	9 
4415	8 
4416	19 
4417	10 
4418	8 
4419	35 
4420	38 
4421	49 
4422	1 
4423	7 
4424	9 
4425	17 
4426	32 
4427	4 
4428	24 
4429	49 
4430	32 
4431	39 
4432	46 
4433	43 
4434	44 
4435	32 
4436	42 
4437	52 
4438	47 
4439	51 
4440	22 
4441	3 
4442	51 
4443	24 
4444	42 
4445	12 
4446	36 
4447	49 
4448	50 
4449	49 
4450	1 
4451	25 
4452	42 
4453	8 
4454	10 
4455	51 
4456	26 
4457	20 
4458	24 
4459	38 
4460	39 
4461	40 
4462	5 
4463	49 
4464	28 
4465	15 
4466	15 
4467	7 
4468	8 
4469	42 
4470	7 
4471	34 
4472	45 
4473	51 
4474	44 
4475	49 
4476	5 
4477	48 
4478	43 
4479	5 
4480	24 
4481	51 
4482	9 
4483	51 
4484	3 
4485	38 
4486	39 
4487	20 
4488	7 
4489	12 
4490	32 
4491	15 
4492	39 
4493	13 
4494	24 
4495	49 
4496	13 
4497	39 
4498	32 
4499	16 
4500	42 
4501	27 
4502	38 
4503	36 
4504	44 
4505	28 
4506	25 
4507	26 
4508	46 
4509	49 
4510	47 
4511	4 
4512	9 
4513	5 
4514	4 
4515	12 
4516	28 
4517	51 
4518	49 
4519	44 
4520	39 
4521	5 
4522	13 
4523	16 
4524	5 
4525	42 
4526	27 
4527	32 
4528	5 
4529	38 
4530	10 
4531	45 
4532	35 
4533	1 
4534	8 
4535	5 
4536	22 
4537	2 
4538	11 
4539	43 
4540	39 
4541	44 
4542	28 
4543	42 
4544	15 
4545	4 
4546	8 
4547	10 
4548	43 
4549	11 
4550	51 
4551	49 
4552	32 
4553	9 
4554	7 
4555	47 
4556	50 
4557	51 
4558	7 
4559	28 
4560	28 
4561	39 
4562	7 
4563	51 
4564	38 
4565	38 
4566	49 
4567	42 
4568	43 
4569	7 
4570	50 
4571	34 
4572	38 
4573	36 
4574	19 
4575	11 
4576	20 
4577	44 
4578	43 
4579	40 
4580	30 
4581	12 
4582	36 
4583	24 
4584	43 
4585	45 
4586	50 
4587	36 
4588	18 
4589	43 
4590	40 
4591	52 
4592	26 
4593	38 
4594	47 
4595	20 
4596	49 
4597	23 
4598	28 
4599	49 
4600	48 
4601	23 
4602	52 
4603	25 
4604	28 
4605	47 
4606	51 
4607	32 
4608	7 
4609	43 
4610	5 
4611	13 
4612	19 
4613	48 
4614	47 
4615	46 
4616	34 
4617	45 
4618	46 
4619	39 
4620	5 
4621	23 
4622	30 
4623	9 
4624	42 
4625	12 
4626	39 
4627	51 
4628	39 
4629	36 
4630	48 
4631	8 
4632	42 
4633	36 
4634	47 
4635	28 
4636	50 
4637	28 
4638	52 
4639	43 
4640	20 
4641	12 
4642	31 
4643	32 
4644	24 
4645	51 
4646	7 
4647	49 
4648	47 
4649	38 
4650	43 
4651	47 
4652	28 
4653	43 
4654	52 
4655	30 
4656	31 
4657	28 
4658	45 
4659	51 
4660	17 
4661	7 
4662	42 
4663	36 
4664	39 
4665	38 
4666	11 
4667	47 
4668	49 
4669	39 
4670	48 
4671	5 
4672	24 
4673	13 
4674	43 
4675	45 
4676	14 
4677	49 
4678	5 
4679	51 
4680	31 
4681	49 
4682	34 
4683	43 
4684	8 
4685	52 
4686	36 
4687	39 
4688	25 
4689	13 
4690	47 
4691	8 
4692	20 
4693	16 
4694	26 
4695	39 
4696	45 
4697	44 
4698	49 
4699	11 
4700	45 
4701	52 
4702	39 
4703	8 
4704	44 
4705	4 
4706	43 
4707	52 
4708	13 
4709	4 
4710	50 
4711	39 
4712	46 
4713	7 
4714	25 
4715	43 
4716	44 
4717	45 
4718	24 
4719	42 
4720	30 
4721	7 
4722	51 
4723	42 
4724	24 
4725	49 
4726	38 
4727	43 
4728	43 
4729	43 
4730	7 
4731	47 
4732	25 
4733	5 
4734	7 
4735	42 
4736	32 
4737	5 
4738	36 
4739	24 
4740	48 
4741	28 
4742	12 
4743	7 
4744	7 
4745	49 
4746	43 
4747	30 
4748	39 
4749	31 
4750	7 
4751	5 
4752	12 
4753	15 
4754	5 
4755	5 
4756	12 
4757	39 
4758	21 
4759	24 
4760	52 
4761	52 
4762	12 
4763	42 
4764	25 
4765	39 
4766	49 
4767	14 
4768	8 
4769	31 
4770	51 
4771	39 
4772	28 
4773	41 
4774	28 
4775	12 
4776	8 
4777	51 
4778	39 
4779	25 
4780	38 
4781	47 
4782	49 
4783	28 
4784	31 
4785	12 
4786	30 
4787	35 
4788	16 
4789	7 
4790	27 
4791	12 
4792	9 
4793	9 
4794	4 
4795	39 
4796	4 
4797	49 
4798	32 
4799	28 
4800	12 
4801	51 
4802	49 
4803	36 
4804	42 
4805	5 
4806	45 
4807	17 
4808	34 
4809	25 
4810	12 
4811	27 
4812	27 
4813	5 
4814	32 
4815	33 
4816	7 
4817	7 
4818	37 
4819	48 
4820	38 
4821	7 
4822	1 
4823	44 
4824	9 
4825	51 
4826	9 
4827	42 
4828	47 
4829	36 
4830	42 
4831	32 
4832	19 
4833	16 
4834	38 
4835	38 
4836	43 
4837	36 
4838	11 
4839	8 
4840	42 
4841	4 
4842	28 
4843	24 
4844	30 
4845	9 
4846	43 
4847	26 
4848	52 
4849	37 
4850	4 
4851	35 
4852	12 
4853	3 
4854	24 
4855	11 
4856	8 
4857	43 
4858	51 
4859	5 
4860	45 
4861	52 
4862	8 
4863	49 
4864	47 
4865	51 
4866	43 
4867	45 
4868	45 
4869	29 
4870	39 
4871	8 
4872	43 
4873	25 
4874	52 
4875	48 
4876	38 
4877	47 
4878	24 
4879	43 
4880	2 
4881	51 
4882	39 
4883	50 
4884	28 
4885	49 
4886	25 
4887	36 
4888	35 
4889	50 
4890	52 
4891	11 
4892	8 
4893	30 
4894	5 
4895	27 
4896	12 
4897	45 
4898	47 
4899	16 
4900	8 
4901	3 
4902	16 
4903	51 
4904	9 
4905	22 
4906	43 
4907	32 
4908	11 
4909	47 
4910	38 
4911	42 
4912	52 
4913	43 
4914	36 
4915	38 
4916	47 
4917	32 
4918	49 
4919	5 
4920	43 
4921	7 
4922	36 
4923	28 
4924	25 
4925	4 
4926	36 
4927	13 
4928	19 
4929	26 
4930	25 
4931	4 
4932	43 
4933	5 
4934	43 
4935	32 
4936	28 
4937	42 
4938	34 
4939	49 
4940	8 
4941	50 
4942	52 
4943	11 
4944	47 
4945	5 
4946	36 
4947	14 
4948	7 
4949	8 
4950	10 
4951	8 
4952	45 
4953	36 
4954	42 
4955	6 
4956	47 
4957	7 
4958	47 
4959	51 
4960	38 
4961	5 
4962	43 
4963	40 
4964	29 
4965	45 
4966	51 
4967	27 
4968	29 
4969	39 
4970	47 
4971	12 
4972	38 
4973	7 
4974	8 
4975	5 
4976	41 
4977	44 
4978	49 
4979	16 
4980	28 
4981	50 
4982	30 
4983	5 
4984	45 
4985	28 
4986	46 
4987	7 
4988	42 
4989	39 
4990	43 
4991	49 
4992	29 
4993	39 
4994	50 
4995	34 
4996	38 
4997	37 
4998	20 
4999	49 
5000	43 
5001	9 
5002	15 
5003	38 
5004	51 
5005	48 
5006	1 
5007	43 
5008	15 
5009	29 
5010	7 
5011	10 
5012	7 
5013	8 
5014	34 
5015	36 
5016	3 
5017	38 
5018	43 
5019	33 
5020	27 
5021	34 
5022	9 
5023	15 
5024	47 
5025	3 
5026	28 
5027	26 
5028	51 
5029	51 
5030	43 
5031	44 
5032	22 
5033	5 
5034	52 
5035	51 
5036	44 
5037	43 
5038	28 
5039	5 
5040	7 
5041	28 
5042	43 
5043	5 
5044	18 
5045	51 
5046	2 
5047	47 
5048	52 
5049	32 
5050	13 
5051	45 
5052	47 
5053	42 
5054	16 
5055	49 
5056	7 
5057	13 
5058	24 
5059	31 
5060	43 
5061	28 
5062	12 
5063	50 
5064	38 
5065	35 
5066	39 
5067	51 
5068	50 
5069	42 
5070	43 
5071	39 
5072	45 
5073	51 
5074	7 
5075	47 
5076	8 
5077	39 
5078	51 
5079	8 
5080	35 
5081	47 
5082	28 
5083	43 
5084	28 
5085	47 
5086	12 
5087	50 
5088	47 
5089	39 
5090	3 
5091	25 
5092	48 
5093	42 
5094	51 
5095	47 
5096	34 
5097	36 
5098	43 
5099	40 
5100	47 
5101	47 
5102	49 
5103	20 
5104	51 
5105	8 
5106	12 
5107	51 
5108	39 
5109	9 
5110	3 
5111	48 
5112	48 
5113	33 
5114	38 
5115	32 
5116	51 
5117	44 
5118	20 
5119	8 
5120	25 
5121	50 
5122	23 
5123	44 
5124	28 
5125	4 
5126	49 
5127	49 
5128	24 
5129	8 
5130	19 
5131	5 
5132	51 
5133	45 
5134	43 
5135	12 
5136	20 
5137	4 
5138	49 
5139	26 
5140	9 
5141	45 
5142	5 
5143	28 
5144	29 
5145	43 
5146	38 
5147	33 
5148	44 
5149	41 
5150	12 
5151	34 
5152	7 
5153	19 
5154	26 
5155	46 
5156	45 
5157	7 
5158	39 
5159	25 
5160	8 
5161	12 
5162	19 
5163	7 
5164	51 
5165	10 
5166	7 
5167	39 
5168	21 
5169	36 
5170	16 
5171	35 
5172	18 
5173	25 
5174	37 
5175	43 
5176	38 
5177	7 
5178	29 
5179	43 
5180	51 
5181	52 
5182	43 
5183	15 
5184	12 
5185	38 
5186	47 
5187	42 
5188	23 
5189	16 
5190	7 
5191	24 
5192	49 
5193	50 
5194	4 
5195	28 
5196	39 
5197	49 
5198	47 
5199	51 
5200	38 
5201	39 
5202	28 
5203	44 
5204	20 
5205	16 
5206	25 
5207	17 
5208	14 
5209	36 
5210	41 
5211	42 
5212	39 
5213	25 
5214	23 
5215	36 
5216	47 
5217	52 
5218	32 
5219	8 
5220	51 
5221	43 
5222	35 
5223	32 
5224	9 
5225	34 
5226	50 
5227	43 
5228	8 
5229	42 
5230	32 
5231	49 
5232	42 
5233	42 
5234	28 
5235	5 
5236	30 
5237	32 
5238	42 
5239	24 
5240	45 
5241	49 
5242	48 
5243	44 
5244	35 
5245	45 
5246	14 
5247	5 
5248	7 
5249	50 
5250	43 
5251	36 
5252	18 
5253	48 
5254	39 
5255	32 
5256	51 
5257	51 
5258	47 
5259	23 
5260	36 
5261	16 
5262	28 
5263	45 
5264	7 
5265	7 
5266	39 
5267	32 
5268	43 
5269	23 
5270	49 
5271	11 
5272	8 
5273	36 
5274	17 
5275	38 
5276	19 
5277	43 
5278	39 
5279	51 
5280	28 
5281	42 
5282	51 
5283	47 
5284	39 
5285	15 
5286	42 
5287	8 
5288	8 
5289	46 
5290	25 
5291	26 
5292	39 
5293	25 
5294	34 
5295	12 
5296	31 
5297	4 
5298	50 
5299	49 
5300	49 
5301	3 
5302	12 
5303	52 
5304	51 
5305	18 
5306	22 
5307	35 
5308	47 
5309	43 
5310	51 
5311	3 
5312	37 
5313	4 
5314	1 
5315	9 
5316	8 
5317	7 
5318	11 
5319	35 
5320	42 
5321	12 
5322	48 
5323	7 
5324	42 
5325	46 
5326	38 
5327	52 
5328	45 
5329	7 
5330	23 
5331	7 
5332	52 
5333	43 
5334	30 
5335	24 
5336	12 
5337	42 
5338	11 
5339	43 
5340	48 
5341	12 
5342	36 
5343	31 
5344	47 
5345	19 
5346	42 
5347	7 
5348	12 
5349	11 
5350	47 
5351	20 
5352	40 
5353	49 
5354	7 
5355	25 
5356	11 
5357	26 
5358	15 
5359	48 
5360	52 
5361	12 
5362	45 
5363	48 
5364	42 
5365	43 
5366	39 
5367	51 
5368	33 
5369	7 
5370	8 
5371	50 
5372	51 
5373	7 
5374	12 
5375	42 
5376	4 
5377	6 
5378	38 
5379	28 
5380	42 
5381	8 
5382	7 
5383	48 
5384	43 
5385	8 
5386	24 
5387	36 
5388	43 
5389	43 
5390	48 
5391	47 
5392	15 
5393	44 
5394	32 
5395	24 
5396	42 
5397	8 
5398	16 
5399	45 
5400	8 
5401	26 
5402	43 
5403	7 
5404	39 
5405	45 
5406	50 
5407	51 
5408	20 
5409	28 
5410	8 
5411	45 
5412	16 
5413	51 
5414	32 
5415	25 
5416	36 
5417	12 
5418	8 
5419	43 
5420	29 
5421	51 
5422	51 
5423	8 
5424	48 
5425	37 
5426	41 
5427	12 
5428	50 
5429	4 
5430	48 
5431	25 
5432	28 
5433	36 
5434	12 
5435	49 
5436	8 
5437	50 
5438	18 
5439	48 
5440	26 
5441	10 
5442	16 
5443	38 
5444	36 
5445	27 
5446	51 
5447	12 
5448	28 
5449	34 
5450	26 
5451	51 
5452	48 
5453	46 
5454	51 
5455	48 
5456	2 
5457	36 
5458	42 
5459	20 
5460	42 
5461	9 
5462	43 
5463	1 
5464	30 
5465	51 
5466	39 
5467	8 
5468	47 
5469	5 
5470	5 
5471	20 
5472	7 
5473	25 
5474	32 
5475	36 
5476	32 
5477	29 
5478	25 
5479	21 
5480	32 
5481	50 
5482	5 
5483	43 
5484	40 
5485	25 
5486	49 
5487	24 
5488	42 
5489	19 
5490	36 
5491	42 
5492	51 
5493	27 
5494	33 
5495	31 
5496	4 
5497	43 
5498	48 
5499	21 
5500	16 
5501	24 
5502	33 
5503	11 
5504	45 
5505	46 
5506	45 
5507	25 
5508	43 
5509	43 
5510	5 
5511	43 
5512	34 
5513	22 
5514	1 
5515	52 
5516	16 
5517	49 
5518	11 
5519	26 
5520	29 
5521	5 
5522	38 
5523	20 
5524	20 
5525	26 
5526	49 
5527	40 
5528	38 
5529	43 
5530	42 
5531	36 
5532	24 
5533	8 
5534	51 
5535	25 
5536	43 
5537	15 
5538	47 
5539	27 
5540	5 
5541	14 
5542	5 
5543	43 
5544	31 
5545	12 
5546	42 
5547	7 
5548	31 
5549	36 
5550	16 
5551	19 
5552	17 
5553	35 
5554	36 
5555	8 
5556	10 
5557	48 
5558	29 
5559	4 
5560	50 
5561	5 
5562	50 
5563	12 
5564	27 
5565	7 
5566	2 
5567	52 
5568	45 
5569	50 
5570	47 
5571	37 
5572	7 
5573	45 
5574	50 
5575	24 
5576	51 
5577	42 
5578	49 
5579	5 
5580	49 
5581	52 
5582	48 
5583	23 
5584	49 
5585	49 
5586	50 
5587	42 
5588	26 
5589	20 
5590	7 
5591	26 
5592	38 
5593	38 
5594	51 
5595	14 
5596	51 
5597	17 
5598	36 
5599	8 
5600	49 
5601	12 
5602	45 
5603	7 
5604	42 
5605	50 
5606	52 
5607	51 
5608	40 
5609	49 
5610	50 
5611	47 
5612	3 
5613	28 
5614	6 
5615	52 
5616	28 
5617	24 
5618	8 
5619	26 
5620	43 
5621	46 
5622	30 
5623	3 
5624	38 
5625	23 
5626	47 
5627	47 
5628	5 
5629	28 
5630	33 
5631	8 
5632	8 
5633	5 
5634	3 
5635	30 
5636	11 
5637	5 
5638	43 
5639	16 
5640	33 
5641	8 
5642	5 
5643	23 
5644	39 
5645	42 
5646	24 
5647	39 
5648	32 
5649	4 
5650	7 
5651	5 
5652	28 
5653	44 
5654	34 
5655	28 
5656	5 
5657	4 
5658	36 
5659	39 
5660	45 
5661	26 
5662	26 
5663	28 
5664	26 
5665	8 
5666	13 
5667	39 
5668	5 
5669	51 
5670	47 
5671	42 
5672	41 
5673	28 
5674	12 
5675	28 
5676	42 
5677	26 
5678	33 
5679	42 
5680	49 
5681	52 
5682	12 
5683	47 
5684	3 
5685	4 
5686	7 
5687	24 
5688	7 
5689	7 
5690	4 
5691	51 
5692	8 
5693	42 
5694	51 
5695	7 
5696	47 
5697	29 
5698	24 
5699	47 
5700	43 
5701	44 
5702	24 
5703	7 
5704	19 
5705	15 
5706	15 
5707	34 
5708	45 
5709	43 
5710	37 
5711	28 
5712	43 
5713	6 
5714	14 
5715	42 
5716	4 
5717	49 
5718	45 
5719	43 
5720	39 
5721	24 
5722	39 
5723	39 
5724	32 
5725	9 
5726	10 
5727	36 
5728	8 
5729	33 
5730	11 
5731	43 
5732	32 
5733	25 
5734	48 
5735	24 
5736	46 
5737	42 
5738	46 
5739	51 
5740	51 
5741	52 
5742	46 
5743	8 
5744	51 
5745	39 
5746	50 
5747	10 
5748	34 
5749	51 
5750	44 
5751	30 
5752	8 
5753	35 
5754	50 
5755	28 
5756	49 
5757	24 
5758	35 
5759	38 
5760	20 
5761	51 
5762	39 
5763	39 
5764	7 
5765	52 
5766	5 
5767	7 
5768	7 
5769	49 
5770	47 
5771	45 
5772	25 
5773	16 
5774	33 
5775	12 
5776	48 
5777	6 
5778	51 
5779	24 
5780	51 
5781	36 
5782	51 
5783	24 
5784	38 
5785	50 
5786	43 
5787	38 
5788	38 
5789	36 
5790	51 
5791	4 
5792	38 
5793	12 
5794	23 
5795	50 
5796	43 
5797	52 
5798	42 
5799	8 
5800	39 
5801	49 
5802	26 
5803	24 
5804	52 
5805	30 
5806	50 
5807	36 
5808	18 
5809	44 
5810	51 
5811	2 
5812	32 
5813	42 
5814	39 
5815	44 
5816	36 
5817	32 
5818	32 
5819	7 
5820	39 
5821	47 
5822	25 
5823	38 
5824	12 
5825	5 
5826	8 
5827	15 
5828	39 
5829	39 
5830	45 
5831	5 
5832	39 
5833	33 
5834	51 
5835	47 
5836	36 
5837	9 
5838	51 
5839	51 
5840	19 
5841	36 
5842	6 
5843	11 
5844	7 
5845	29 
5846	49 
5847	33 
5848	47 
5849	4 
5850	14 
5851	44 
5852	36 
5853	44 
5854	43 
5855	15 
5856	42 
5857	47 
5858	48 
5859	10 
5860	48 
5861	15 
5862	44 
5863	51 
5864	22 
5865	15 
5866	38 
5867	8 
5868	20 
5869	47 
5870	48 
5871	44 
5872	47 
5873	8 
5874	43 
5875	31 
5876	42 
5877	40 
5878	15 
5879	45 
5880	51 
5881	8 
5882	5 
5883	2 
5884	42 
5885	49 
5886	23 
5887	2 
5888	44 
5889	38 
5890	48 
5891	28 
5892	46 
5893	28 
5894	1 
5895	15 
5896	33 
5897	6 
5898	26 
5899	8 
5900	33 
5901	16 
5902	42 
5903	16 
5904	1 
5905	49 
5906	12 
5907	42 
5908	39 
5909	49 
5910	42 
5911	5 
5912	51 
5913	16 
5914	20 
5915	50 
5916	28 
5917	29 
5918	52 
5919	20 
5920	27 
5921	8 
5922	24 
5923	7 
5924	15 
5925	29 
5926	42 
5927	50 
5928	15 
5929	43 
5930	3 
5931	50 
5932	8 
5933	25 
5934	45 
5935	50 
5936	5 
5937	7 
5938	26 
5939	21 
5940	28 
5941	33 
5942	41 
5943	9 
5944	43 
5945	45 
5946	42 
5947	28 
5948	42 
5949	42 
5950	50 
5951	47 
5952	27 
5953	50 
5954	43 
5955	16 
5956	16 
5957	46 
5958	49 
5959	23 
5960	51 
5961	45 
5962	1 
5963	15 
5964	8 
5965	42 
5966	5 
5967	31 
5968	8 
5969	44 
5970	4 
5971	11 
5972	36 
5973	52 
5974	45 
5975	26 
5976	42 
5977	30 
5978	49 
5979	14 
5980	49 
5981	50 
5982	51 
5983	39 
5984	5 
5985	22 
5986	28 
5987	5 
5988	38 
5989	26 
5990	46 
5991	45 
5992	45 
5993	39 
5994	50 
5995	42 
5996	30 
5997	45 
5998	51 
5999	49 
6000	32 
6001	51 
6002	7 
6003	42 
6004	49 
6005	45 
6006	5 
6007	21 
6008	38 
6009	13 
6010	8 
6011	39 
6012	39 
6013	36 
6014	36 
6015	39 
6016	50 
6017	43 
6018	1 
6019	50 
6020	42 
6021	4 
6022	26 
6023	22 
6024	50 
6025	38 
6026	39 
6027	47 
6028	5 
6029	8 
6030	1 
6031	32 
6032	12 
6033	50 
6034	44 
6035	42 
6036	12 
6037	28 
6038	27 
6039	5 
6040	49 
6041	5 
6042	29 
6043	47 
6044	32 
6045	7 
6046	42 
6047	47 
6048	2 
6049	46 
6050	28 
6051	42 
6052	8 
6053	29 
6054	51 
6055	8 
6056	32 
6057	8 
6058	10 
6059	4 
6060	16 
6061	15 
6062	45 
6063	19 
6064	36 
6065	9 
6066	44 
6067	42 
6068	24 
6069	46 
6070	14 
6071	9 
6072	11 
6073	42 
6074	23 
6075	10 
6076	42 
6077	49 
6078	20 
6079	51 
6080	11 
6081	39 
6082	7 
6083	1 
6084	8 
6085	11 
6086	38 
6087	11 
6088	1 
6089	50 
6090	8 
6091	11 
6092	28 
6093	32 
6094	50 
6095	45 
6096	43 
6097	5 
6098	8 
6099	36 
6100	20 
6101	9 
6102	45 
6103	27 
6104	10 
6105	28 
6106	8 
6107	50 
6108	50 
6109	10 
6110	42 
6111	42 
6112	46 
6113	8 
6114	42 
6115	39 
6116	27 
6117	25 
6118	36 
6119	16 
6120	28 
6121	7 
6122	28 
6123	12 
6124	43 
6125	50 
6126	15 
6127	8 
6128	43 
6129	7 
6130	43 
6131	5 
6132	26 
6133	16 
6134	35 
6135	43 
6136	7 
6137	42 
6138	45 
6139	38 
6140	50 
6141	43 
6142	30 
6143	7 
6144	11 
6145	51 
6146	47 
6147	20 
6148	8 
6149	46 
6150	47 
6151	28 
6152	31 
6153	36 
6154	43 
6155	52 
6156	50 
6157	45 
6158	51 
6159	8 
6160	12 
6161	45 
6162	13 
6163	30 
6164	50 
6165	32 
6166	5 
6167	50 
6168	11 
6169	8 
6170	7 
6171	29 
6172	8 
6173	40 
6174	24 
6175	28 
6176	7 
6177	49 
6178	8 
6179	50 
6180	49 
6181	25 
6182	36 
6183	34 
6184	16 
6185	39 
6186	15 
6187	43 
6188	19 
6189	30 
6190	42 
6191	32 
6192	46 
6193	25 
6194	39 
6195	51 
6196	44 
6197	7 
6198	11 
6199	34 
6200	14 
6201	43 
6202	40 
6203	49 
6204	12 
6205	36 
6206	1 
6207	43 
6208	26 
6209	4 
6210	25 
6211	5 
6212	38 
6213	43 
6214	7 
6215	48 
6216	45 
6217	34 
6218	42 
6219	7 
6220	37 
6221	47 
6222	11 
6223	23 
6224	12 
6225	16 
6226	7 
6227	14 
6228	42 
6229	10 
6230	52 
6231	10 
6232	5 
6233	24 
6234	50 
6235	43 
6236	44 
6237	34 
6238	42 
6239	43 
6240	43 
6241	50 
6242	26 
6243	26 
6244	5 
6245	51 
6246	49 
6247	46 
6248	26 
6249	42 
6250	43 
6251	16 
6252	28 
6253	1 
6254	28 
6255	31 
6256	39 
6257	25 
6258	39 
6259	45 
6260	4 
6261	49 
6262	47 
6263	26 
6264	5 
6265	4 
6266	12 
6267	47 
6268	7 
6269	43 
6270	38 
6271	28 
6272	28 
6273	48 
6274	45 
6275	38 
6276	51 
6277	47 
6278	16 
6279	7 
6280	50 
6281	37 
6282	7 
6283	39 
6284	47 
6285	26 
6286	38 
6287	7 
6288	9 
6289	42 
6290	36 
6291	29 
6292	48 
6293	43 
6294	51 
6295	44 
6296	34 
6297	42 
6298	52 
6299	20 
6300	32 
6301	27 
6302	24 
6303	30 
6304	50 
6305	44 
6306	42 
6307	21 
6308	39 
6309	43 
6310	32 
6311	28 
6312	39 
6313	10 
6314	46 
6315	5 
6316	7 
6317	2 
6318	28 
6319	48 
6320	43 
6321	43 
6322	1 
6323	29 
6324	28 
6325	28 
6326	47 
6327	12 
6328	49 
6329	32 
6330	28 
6331	25 
6332	28 
6333	14 
6334	7 
6335	48 
6336	44 
6337	5 
6338	48 
6339	43 
6340	25 
6341	29 
6342	22 
6343	14 
6344	45 
6345	43 
6346	50 
6347	43 
6348	34 
6349	37 
6350	28 
6351	25 
6352	29 
6353	37 
6354	49 
6355	42 
6356	1 
6357	32 
6358	24 
6359	28 
6360	51 
6361	4 
6362	48 
6363	5 
6364	48 
6365	48 
6366	20 
6367	26 
6368	8 
6369	21 
6370	12 
6371	2 
6372	29 
6373	39 
6374	5 
6375	7 
6376	51 
6377	7 
6378	2 
6379	7 
6380	25 
6381	45 
6382	2 
6383	7 
6384	49 
6385	33 
6386	36 
6387	47 
6388	52 
6389	51 
6390	36 
6391	24 
6392	24 
6393	49 
6394	8 
6395	30 
6396	50 
6397	16 
6398	1 
6399	39 
6400	11 
6401	38 
6402	28 
6403	32 
6404	1 
6405	40 
6406	43 
6407	7 
6408	43 
6409	7 
6410	4 
6411	15 
6412	5 
6413	13 
6414	31 
6415	48 
6416	8 
6417	8 
6418	8 
6419	36 
6420	14 
6421	12 
6422	15 
6423	37 
6424	38 
6425	18 
6426	37 
6427	38 
6428	39 
6429	36 
6430	9 
6431	44 
6432	32 
6433	48 
6434	24 
6435	52 
6436	32 
6437	36 
6438	29 
6439	36 
6440	49 
6441	8 
6442	50 
6443	39 
6444	35 
6445	12 
6446	47 
6447	11 
6448	16 
6449	13 
6450	45 
6451	38 
6452	25 
6453	49 
6454	16 
6455	32 
6456	4 
6457	45 
6458	7 
6459	29 
6460	5 
6461	39 
6462	37 
6463	52 
6464	12 
6465	37 
6466	47 
6467	46 
6468	39 
6469	51 
6470	48 
6471	42 
6472	26 
6473	23 
6474	48 
6475	7 
6476	44 
6477	8 
6478	43 
6479	47 
6480	49 
6481	39 
6482	5 
6483	26 
6484	28 
6485	43 
6486	38 
6487	11 
6488	28 
6489	42 
6490	47 
6491	47 
6492	25 
6493	32 
6494	14 
6495	12 
6496	26 
6497	10 
6498	32 
6499	6 
6500	51 
6501	24 
6502	48 
6503	44 
6504	45 
6505	5 
6506	12 
6507	43 
6508	7 
6509	38 
6510	16 
6511	7 
6512	44 
6513	7 
6514	41 
6515	7 
6516	25 
6517	38 
6518	20 
6519	6 
6520	47 
6521	37 
6522	5 
6523	1 
6524	12 
6525	1 
6526	50 
6527	51 
6528	47 
6529	42 
6530	35 
6531	15 
6532	49 
6533	47 
6534	42 
6535	30 
6536	36 
6537	12 
6538	51 
6539	44 
6540	50 
6541	42 
6542	5 
6543	12 
6544	51 
6545	26 
6546	28 
6547	47 
6548	9 
6549	39 
6550	17 
6551	32 
6552	8 
6553	28 
6554	7 
6555	28 
6556	39 
6557	39 
6558	49 
6559	52 
6560	45 
6561	51 
6562	8 
6563	48 
6564	1 
6565	37 
6566	16 
6567	42 
6568	36 
6569	49 
6570	32 
6571	42 
6572	51 
6573	26 
6574	43 
6575	45 
6576	39 
6577	42 
6578	23 
6579	36 
6580	25 
6581	51 
6582	7 
6583	28 
6584	41 
6585	32 
6586	7 
6587	15 
6588	1 
6589	42 
6590	6 
6591	47 
6592	24 
6593	35 
6594	42 
6595	36 
6596	28 
6597	39 
6598	47 
6599	12 
6600	25 
6601	22 
6602	21 
6603	5 
6604	8 
6605	28 
6606	48 
6607	16 
6608	11 
6609	26 
6610	50 
6611	43 
6612	40 
6613	51 
6614	7 
6615	43 
6616	34 
6617	34 
6618	43 
6619	4 
6620	36 
6621	50 
6622	51 
6623	44 
6624	47 
6625	31 
6626	28 
6627	46 
6628	12 
6629	44 
6630	51 
6631	44 
6632	38 
6633	3 
6634	47 
6635	22 
6636	38 
6637	12 
6638	45 
6639	4 
6640	14 
6641	25 
6642	36 
6643	45 
6644	51 
6645	45 
6646	5 
6647	40 
6648	46 
6649	19 
6650	4 
6651	23 
6652	5 
6653	8 
6654	39 
6655	38 
6656	43 
6657	41 
6658	22 
6659	42 
6660	16 
6661	45 
6662	7 
6663	50 
6664	12 
6665	43 
6666	31 
6667	45 
6668	39 
6669	39 
6670	52 
6671	49 
6672	25 
6673	12 
6674	7 
6675	47 
6676	32 
6677	32 
6678	32 
6679	39 
6680	4 
6681	3 
6682	47 
6683	47 
6684	36 
6685	14 
6686	6 
6687	28 
6688	51 
6689	7 
6690	7 
6691	42 
6692	27 
6693	5 
6694	22 
6695	42 
6696	52 
6697	49 
6698	26 
6699	49 
6700	44 
6701	7 
6702	47 
6703	3 
6704	25 
6705	43 
6706	5 
6707	49 
6708	51 
6709	50 
6710	28 
6711	32 
6712	1 
6713	22 
6714	31 
6715	51 
6716	48 
6717	42 
6718	50 
6719	48 
6720	28 
6721	11 
6722	19 
6723	47 
6724	28 
6725	24 
6726	20 
6727	25 
6728	7 
6729	7 
6730	11 
6731	9 
6732	11 
6733	51 
6734	2 
6735	39 
6736	12 
6737	15 
6738	24 
6739	43 
6740	7 
6741	43 
6742	16 
6743	4 
6744	12 
6745	1 
6746	7 
6747	32 
6748	51 
6749	7 
6750	9 
6751	51 
6752	12 
6753	12 
6754	42 
6755	47 
6756	43 
6757	28 
6758	45 
6759	20 
6760	8 
6761	9 
6762	4 
6763	47 
6764	32 
6765	17 
6766	42 
6767	36 
6768	1 
6769	29 
6770	51 
6771	24 
6772	35 
6773	21 
6774	23 
6775	14 
6776	9 
6777	1 
6778	7 
6779	51 
6780	43 
6781	10 
6782	18 
6783	11 
6784	32 
6785	42 
6786	48 
6787	50 
6788	5 
6789	44 
6790	13 
6791	39 
6792	51 
6793	22 
6794	15 
6795	50 
6796	50 
6797	7 
6798	24 
6799	43 
6800	9 
6801	47 
6802	25 
6803	51 
6804	25 
6805	45 
6806	4 
6807	44 
6808	43 
6809	48 
6810	8 
6811	49 
6812	48 
6813	50 
6814	43 
6815	18 
6816	42 
6817	48 
6818	24 
6819	42 
6820	47 
6821	48 
6822	25 
6823	32 
6824	45 
6825	51 
6826	7 
6827	5 
6828	28 
6829	45 
6830	12 
6831	8 
6832	16 
6833	23 
6834	15 
6835	7 
6836	44 
6837	43 
6838	49 
6839	43 
6840	51 
6841	5 
6842	15 
6843	8 
6844	27 
6845	47 
6846	8 
6847	31 
6848	10 
6849	46 
6850	20 
6851	43 
6852	6 
6853	51 
6854	12 
6855	45 
6856	46 
6857	24 
6858	12 
6859	12 
6860	38 
6861	5 
6862	4 
6863	44 
6864	31 
6865	19 
6866	34 
6867	5 
6868	19 
6869	50 
6870	38 
6871	49 
6872	7 
6873	38 
6874	5 
6875	43 
6876	49 
6877	44 
6878	45 
6879	46 
6880	44 
6881	9 
6882	18 
6883	51 
6884	5 
6885	43 
6886	3 
6887	8 
6888	36 
6889	20 
6890	28 
6891	45 
6892	12 
6893	29 
6894	49 
6895	39 
6896	51 
6897	49 
6898	16 
6899	51 
6900	27 
6901	5 
6902	9 
6903	9 
6904	23 
6905	43 
6906	24 
6907	10 
6908	45 
6909	42 
6910	30 
6911	38 
6912	1 
6913	44 
6914	50 
6915	21 
6916	46 
6917	7 
6918	4 
6919	45 
6920	50 
6921	16 
6922	33 
6923	12 
6924	47 
6925	47 
6926	44 
6927	19 
6928	51 
6929	4 
6930	28 
6931	51 
6932	43 
6933	38 
6934	37 
6935	37 
6936	43 
6937	20 
6938	17 
6939	11 
6940	15 
6941	47 
6942	36 
6943	27 
6944	38 
6945	50 
6946	5 
6947	49 
6948	52 
6949	12 
6950	5 
6951	45 
6952	32 
6953	43 
6954	12 
6955	24 
6956	25 
6957	22 
6958	49 
6959	52 
6960	4 
6961	44 
6962	45 
6963	12 
6964	11 
6965	12 
6966	22 
6967	32 
6968	11 
6969	12 
6970	25 
6971	48 
6972	11 
6973	38 
6974	11 
6975	49 
6976	45 
6977	21 
6978	51 
6979	18 
6980	34 
6981	47 
6982	1 
6983	51 
6984	26 
6985	7 
6986	23 
6987	12 
6988	29 
6989	8 
6990	51 
6991	39 
6992	52 
6993	38 
6994	45 
6995	14 
6996	12 
6997	21 
6998	26 
6999	43 
7000	5 
7001	44 
7002	39 
7003	8 
7004	28 
7005	48 
7006	47 
7007	47 
7008	29 
7009	20 
7010	2 
7011	48 
7012	31 
7013	22 
7014	7 
7015	39 
7016	11 
7017	16 
7018	29 
7019	27 
7020	7 
7021	32 
7022	51 
7023	42 
7024	51 
7025	11 
7026	7 
7027	25 
7028	14 
7029	39 
7030	7 
7031	8 
7032	18 
7033	50 
7034	47 
7035	16 
7036	31 
7037	8 
7038	31 
7039	13 
7040	2 
7041	42 
7042	18 
7043	45 
7044	42 
7045	24 
7046	45 
7047	39 
7048	14 
7049	33 
7050	49 
7051	12 
7052	5 
7053	12 
7054	36 
7055	15 
7056	51 
7057	49 
7058	8 
7059	5 
7060	8 
7061	28 
7062	39 
7063	19 
7064	36 
7065	43 
7066	28 
7067	24 
7068	44 
7069	44 
7070	7 
7071	51 
7072	7 
7073	42 
7074	5 
7075	33 
7076	7 
7077	25 
7078	22 
7079	26 
7080	43 
7081	42 
7082	43 
7083	13 
7084	5 
7085	1 
7086	39 
7087	38 
7088	9 
7089	43 
7090	16 
7091	5 
7092	5 
7093	4 
7094	37 
7095	28 
7096	16 
7097	48 
7098	24 
7099	19 
7100	42 
7101	51 
7102	6 
7103	48 
7104	50 
7105	51 
7106	9 
7107	5 
7108	21 
7109	44 
7110	48 
7111	8 
7112	28 
7113	15 
7114	31 
7115	12 
7116	43 
7117	27 
7118	49 
7119	52 
7120	25 
7121	8 
7122	7 
7123	49 
7124	38 
7125	8 
7126	1 
7127	5 
7128	16 
7129	39 
7130	52 
7131	45 
7132	24 
7133	36 
7134	45 
7135	7 
7136	32 
7137	48 
7138	34 
7139	12 
7140	39 
7141	36 
7142	28 
7143	45 
7144	42 
7145	15 
7146	11 
7147	51 
7148	26 
7149	8 
7150	45 
7151	36 
7152	17 
7153	12 
7154	5 
7155	16 
7156	15 
7157	48 
7158	21 
7159	22 
7160	8 
7161	8 
7162	34 
7163	34 
7164	9 
7165	20 
7166	13 
7167	4 
7168	31 
7169	24 
7170	50 
7171	4 
7172	15 
7173	38 
7174	7 
7175	23 
7176	7 
7177	44 
7178	36 
7179	41 
7180	43 
7181	49 
7182	43 
7183	7 
7184	49 
7185	50 
7186	6 
7187	48 
7188	20 
7189	34 
7190	4 
7191	19 
7192	24 
7193	22 
7194	25 
7195	20 
7196	33 
7197	27 
7198	9 
7199	18 
7200	28 
7201	28 
7202	8 
7203	30 
7204	24 
7205	50 
7206	5 
7207	38 
7208	42 
7209	28 
7210	29 
7211	8 
7212	14 
7213	23 
7214	42 
7215	51 
7216	20 
7217	29 
7218	49 
7219	5 
7220	49 
7221	39 
7222	41 
7223	29 
7224	49 
7225	39 
7226	49 
7227	12 
7228	39 
7229	51 
7230	48 
7231	36 
7232	49 
7233	4 
7234	32 
7235	11 
7236	39 
7237	12 
7238	9 
7239	25 
7240	5 
7241	47 
7242	6 
7243	26 
7244	42 
7245	39 
7246	27 
7247	8 
7248	48 
7249	39 
7250	39 
7251	8 
7252	50 
7253	46 
7254	44 
7255	12 
7256	51 
7257	49 
7258	39 
7259	45 
7260	8 
7261	51 
7262	36 
7263	38 
7264	29 
7265	47 
7266	12 
7267	4 
7268	34 
7269	45 
7270	8 
7271	41 
7272	39 
7273	44 
7274	32 
7275	25 
7276	34 
7277	43 
7278	8 
7279	49 
7280	12 
7281	36 
7282	48 
7283	49 
7284	44 
7285	8 
7286	25 
7287	40 
7288	43 
7289	22 
7290	12 
7291	12 
7292	25 
7293	34 
7294	7 
7295	32 
7296	34 
7297	12 
7298	48 
7299	20 
7300	31 
7301	42 
7302	8 
7303	40 
7304	43 
7305	46 
7306	17 
7307	49 
7308	32 
7309	49 
7310	11 
7311	51 
7312	8 
7313	17 
7314	30 
7315	36 
7316	39 
7317	24 
7318	9 
7319	5 
7320	7 
7321	36 
7322	10 
7323	10 
7324	50 
7325	47 
7326	43 
7327	8 
7328	12 
7329	5 
7330	8 
7331	8 
7332	45 
7333	32 
7334	5 
7335	7 
7336	32 
7337	38 
7338	28 
7339	36 
7340	43 
7341	48 
7342	11 
7343	12 
7344	16 
7345	49 
7346	44 
7347	25 
7348	44 
7349	45 
7350	28 
7351	47 
7352	5 
7353	24 
7354	50 
7355	5 
7356	16 
7357	31 
7358	36 
7359	33 
7360	27 
7361	8 
7362	8 
7363	49 
7364	44 
7365	45 
7366	45 
7367	43 
7368	20 
7369	49 
7370	25 
7371	43 
7372	20 
7373	48 
7374	51 
7375	51 
7376	32 
7377	23 
7378	25 
7379	47 
7380	51 
7381	32 
7382	42 
7383	5 
7384	40 
7385	12 
7386	5 
7387	46 
7388	39 
7389	49 
7390	7 
7391	16 
7392	7 
7393	26 
7394	27 
7395	24 
7396	11 
7397	36 
7398	28 
7399	2 
7400	43 
7401	35 
7402	4 
7403	29 
7404	20 
7405	52 
7406	42 
7407	47 
7408	36 
7409	19 
7410	50 
7411	50 
7412	50 
7413	40 
7414	24 
7415	1 
7416	45 
7417	16 
7418	43 
7419	25 
7420	8 
7421	11 
7422	47 
7423	32 
7424	39 
7425	6 
7426	11 
7427	25 
7428	4 
7429	50 
7430	25 
7431	48 
7432	49 
7433	51 
7434	39 
7435	15 
7436	2 
7437	24 
7438	8 
7439	8 
7440	39 
7441	43 
7442	7 
7443	12 
7444	8 
7445	33 
7446	2 
7447	2 
7448	32 
7449	18 
7450	27 
7451	47 
7452	8 
7453	38 
7454	51 
7455	5 
7456	23 
7457	7 
7458	24 
7459	46 
7460	43 
7461	32 
7462	44 
7463	4 
7464	47 
7465	39 
7466	38 
7467	12 
7468	39 
7469	22 
7470	38 
7471	51 
7472	5 
7473	28 
7474	7 
7475	18 
7476	28 
7477	4 
7478	8 
7479	44 
7480	32 
7481	5 
7482	39 
7483	39 
7484	45 
7485	51 
7486	28 
7487	42 
7488	43 
7489	12 
7490	49 
7491	26 
7492	44 
7493	9 
7494	49 
7495	51 
7496	7 
7497	47 
7498	39 
7499	28 
7500	39 
7501	11 
7502	43 
7503	8 
7504	38 
7505	49 
7506	47 
7507	6 
7508	12 
7509	35 
7510	52 
7511	5 
7512	28 
7513	8 
7514	8 
7515	42 
7516	5 
7517	19 
7518	29 
7519	38 
7520	50 
7521	8 
7522	26 
7523	15 
7524	4 
7525	12 
7526	37 
7527	8 
7528	15 
7529	17 
7530	7 
7531	8 
7532	42 
7533	26 
7534	43 
7535	15 
7536	36 
7537	13 
7538	27 
7539	26 
7540	49 
7541	7 
7542	49 
7543	27 
7544	32 
7545	50 
7546	33 
7547	3 
7548	43 
7549	42 
7550	51 
7551	51 
7552	29 
7553	8 
7554	49 
7555	32 
7556	28 
7557	42 
7558	49 
7559	49 
7560	43 
7561	24 
7562	50 
7563	12 
7564	5 
7565	49 
7566	39 
7567	43 
7568	45 
7569	49 
7570	47 
7571	16 
7572	15 
7573	7 
7574	16 
7575	27 
7576	46 
7577	36 
7578	50 
7579	25 
7580	4 
7581	52 
7582	14 
7583	43 
7584	25 
7585	39 
7586	45 
7587	7 
7588	32 
7589	9 
7590	29 
7591	39 
7592	1 
7593	45 
7594	1 
7595	47 
7596	22 
7597	27 
7598	40 
7599	5 
7600	36 
7601	52 
7602	28 
7603	21 
7604	19 
7605	49 
7606	26 
7607	42 
7608	8 
7609	51 
7610	43 
7611	24 
7612	29 
7613	42 
7614	45 
7615	36 
7616	5 
7617	43 
7618	26 
7619	7 
7620	41 
7621	45 
7622	38 
7623	3 
7624	43 
7625	52 
7626	34 
7627	5 
7628	7 
7629	16 
7630	49 
7631	38 
7632	33 
7633	9 
7634	6 
7635	28 
7636	29 
7637	52 
7638	14 
7639	11 
7640	20 
7641	1 
7642	43 
7643	49 
7644	28 
7645	7 
7646	6 
7647	42 
7648	12 
7649	41 
7650	51 
7651	7 
7652	11 
7653	15 
7654	28 
7655	52 
7656	5 
7657	7 
7658	43 
7659	37 
7660	39 
7661	8 
7662	26 
7663	12 
7664	47 
7665	44 
7666	41 
7667	50 
7668	27 
7669	49 
7670	5 
7671	32 
7672	42 
7673	42 
7674	39 
7675	34 
7676	39 
7677	47 
7678	28 
7679	32 
7680	41 
7681	28 
7682	44 
7683	9 
7684	7 
7685	50 
7686	18 
7687	24 
7688	28 
7689	13 
7690	50 
7691	8 
7692	49 
7693	42 
7694	28 
7695	12 
7696	47 
7697	9 
7698	7 
7699	42 
7700	20 
7701	26 
7702	15 
7703	42 
7704	51 
7705	48 
7706	39 
7707	16 
7708	26 
7709	24 
7710	18 
7711	7 
7712	12 
7713	36 
7714	28 
7715	49 
7716	29 
7717	38 
7718	38 
7719	14 
7720	7 
7721	14 
7722	34 
7723	28 
7724	43 
7725	27 
7726	48 
7727	46 
7728	50 
7729	32 
7730	42 
7731	7 
7732	9 
7733	38 
7734	28 
7735	8 
7736	18 
7737	28 
7738	39 
7739	39 
7740	12 
7741	47 
7742	39 
7743	4 
7744	50 
7745	6 
7746	5 
7747	51 
7748	39 
7749	33 
7750	51 
7751	5 
7752	26 
7753	49 
7754	38 
7755	8 
7756	47 
7757	14 
7758	36 
7759	43 
7760	33 
7761	49 
7762	10 
7763	45 
7764	48 
7765	28 
7766	49 
7767	11 
7768	7 
7769	7 
7770	48 
7771	30 
7772	42 
7773	1 
7774	7 
7775	5 
7776	16 
7777	8 
7778	32 
7779	11 
7780	26 
7781	49 
7782	18 
7783	49 
7784	36 
7785	12 
7786	9 
7787	25 
7788	32 
7789	47 
7790	25 
7791	34 
7792	52 
7793	47 
7794	49 
7795	7 
7796	52 
7797	15 
7798	26 
7799	42 
7800	16 
7801	47 
7802	32 
7803	32 
7804	3 
7805	1 
7806	8 
7807	24 
7808	42 
7809	9 
7810	36 
7811	47 
7812	22 
7813	43 
7814	7 
7815	5 
7816	52 
7817	49 
7818	42 
7819	1 
7820	31 
7821	47 
7822	42 
7823	42 
7824	36 
7825	25 
7826	16 
7827	36 
7828	47 
7829	40 
7830	51 
7831	7 
7832	3 
7833	49 
7834	39 
7835	13 
7836	43 
7837	42 
7838	43 
7839	36 
7840	47 
7841	42 
7842	38 
7843	42 
7844	32 
7845	43 
7846	38 
7847	34 
7848	24 
7849	27 
7850	19 
7851	20 
7852	12 
7853	1 
7854	42 
7855	28 
7856	45 
7857	47 
7858	48 
7859	12 
7860	50 
7861	41 
7862	3 
7863	28 
7864	5 
7865	4 
7866	47 
7867	25 
7868	15 
7869	36 
7870	39 
7871	39 
7872	3 
7873	45 
7874	34 
7875	51 
7876	7 
7877	36 
7878	49 
7879	28 
7880	26 
7881	39 
7882	52 
7883	5 
7884	51 
7885	44 
7886	24 
7887	24 
7888	42 
7889	44 
7890	47 
7891	39 
7892	19 
7893	44 
7894	38 
7895	4 
7896	49 
7897	8 
7898	47 
7899	32 
7900	51 
7901	36 
7902	23 
7903	38 
7904	52 
7905	24 
7906	47 
7907	44 
7908	49 
7909	49 
7910	27 
7911	41 
7912	11 
7913	19 
7914	20 
7915	38 
7916	35 
7917	5 
7918	47 
7919	8 
7920	8 
7921	28 
7922	8 
7923	48 
7924	38 
7925	44 
7926	7 
7927	51 
7928	10 
7929	1 
7930	51 
7931	43 
7932	43 
7933	25 
7934	25 
7935	23 
7936	8 
7937	28 
7938	12 
7939	8 
7940	5 
7941	32 
7942	51 
7943	42 
7944	51 
7945	49 
7946	25 
7947	38 
7948	12 
7949	34 
7950	47 
7951	35 
7952	18 
7953	25 
7954	43 
7955	19 
7956	52 
7957	8 
7958	39 
7959	7 
7960	44 
7961	40 
7962	47 
7963	32 
7964	42 
7965	34 
7966	51 
7967	15 
7968	39 
7969	43 
7970	3 
7971	1 
7972	5 
7973	44 
7974	26 
7975	28 
7976	32 
7977	28 
7978	38 
7979	32 
7980	9 
7981	51 
7982	49 
7983	7 
7984	14 
7985	41 
7986	51 
7987	1 
7988	50 
7989	32 
7990	32 
7991	52 
7992	7 
7993	46 
7994	12 
7995	39 
7996	43 
7997	7 
7998	4 
7999	52 
8000	8 
8001	51 
8002	42 
8003	43 
8004	42 
8005	3 
8006	44 
8007	38 
8008	5 
8009	23 
8010	28 
8011	42 
8012	51 
8013	20 
8014	25 
8015	19 
8016	42 
8017	43 
8018	12 
8019	15 
8020	48 
8021	35 
8022	5 
8023	2 
8024	5 
8025	39 
8026	20 
8027	8 
8028	52 
8029	42 
8030	45 
8031	5 
8032	8 
8033	32 
8034	51 
8035	10 
8036	49 
8037	39 
8038	39 
8039	25 
8040	49 
8041	5 
8042	21 
8043	29 
8044	4 
8045	39 
8046	49 
8047	45 
8048	27 
8049	12 
8050	18 
8051	36 
8052	39 
8053	28 
8054	50 
8055	24 
8056	30 
8057	48 
8058	45 
8059	36 
8060	21 
8061	7 
8062	2 
8063	52 
8064	11 
8065	48 
8066	50 
8067	38 
8068	25 
8069	8 
8070	1 
8071	38 
8072	9 
8073	5 
8074	51 
8075	28 
8076	19 
8077	1 
8078	22 
8079	44 
8080	15 
8081	47 
8082	32 
8083	32 
8084	7 
8085	50 
8086	43 
8087	47 
8088	14 
8089	47 
8090	34 
8091	15 
8092	43 
8093	32 
8094	24 
8095	38 
8096	47 
8097	49 
8098	7 
8099	43 
8100	39 
8101	47 
8102	42 
8103	50 
8104	52 
8105	21 
8106	51 
8107	49 
8108	24 
8109	7 
8110	8 
8111	44 
8112	51 
8113	6 
8114	6 
8115	12 
8116	43 
8117	38 
8118	7 
8119	16 
8120	41 
8121	42 
8122	39 
8123	30 
8124	26 
8125	4 
8126	5 
8127	29 
8128	7 
8129	32 
8130	36 
8131	42 
8132	44 
8133	24 
8134	20 
8135	42 
8136	7 
8137	40 
8138	28 
8139	51 
8140	7 
8141	42 
8142	7 
8143	11 
8144	19 
8145	39 
8146	38 
8147	25 
8148	47 
8149	36 
8150	47 
8151	38 
8152	42 
8153	16 
8154	8 
8155	7 
8156	50 
8157	38 
8158	43 
8159	39 
8160	43 
8161	28 
8162	47 
8163	33 
8164	39 
8165	20 
8166	44 
8167	43 
8168	26 
8169	50 
8170	25 
8171	39 
8172	52 
8173	51 
8174	47 
8175	31 
8176	10 
8177	36 
8178	52 
8179	15 
8180	17 
8181	38 
8182	42 
8183	16 
8184	42 
8185	34 
8186	51 
8187	12 
8188	7 
8189	47 
8190	44 
8191	36 
8192	17 
8193	4 
8194	43 
8195	38 
8196	45 
8197	32 
8198	34 
8199	47 
8200	36 
8201	7 
8202	8 
8203	14 
8204	25 
8205	38 
8206	8 
8207	12 
8208	45 
8209	14 
8210	46 
8211	13 
8212	29 
8213	49 
8214	8 
8215	34 
8216	51 
8217	8 
8218	45 
8219	16 
8220	52 
8221	14 
8222	37 
8223	24 
8224	24 
8225	1 
8226	12 
8227	25 
8228	25 
8229	38 
8230	32 
8231	43 
8232	44 
8233	29 
8234	16 
8235	27 
8236	48 
8237	12 
8238	45 
8239	23 
8240	48 
8241	26 
8242	16 
8243	52 
8244	12 
8245	5 
8246	7 
8247	52 
8248	51 
8249	26 
8250	1 
8251	37 
8252	43 
8253	19 
8254	38 
8255	12 
8256	39 
8257	24 
8258	34 
8259	43 
8260	21 
8261	42 
8262	11 
8263	8 
8264	4 
8265	32 
8266	5 
8267	6 
8268	43 
8269	38 
8270	4 
8271	40 
8272	8 
8273	50 
8274	29 
8275	51 
8276	8 
8277	5 
8278	9 
8279	3 
8280	19 
8281	5 
8282	51 
8283	12 
8284	5 
8285	36 
8286	44 
8287	25 
8288	27 
8289	1 
8290	7 
8291	50 
8292	8 
8293	43 
8294	7 
8295	12 
8296	7 
8297	1 
8298	16 
8299	44 
8300	24 
8301	50 
8302	43 
8303	8 
8304	41 
8305	42 
8306	51 
8307	43 
8308	25 
8309	46 
8310	12 
8311	35 
8312	50 
8313	16 
8314	2 
8315	33 
8316	25 
8317	43 
8318	25 
8319	16 
8320	48 
8321	32 
8322	4 
8323	39 
8324	50 
8325	24 
8326	44 
8327	44 
8328	47 
8329	50 
8330	47 
8331	5 
8332	43 
8333	51 
8334	43 
8335	36 
8336	50 
8337	21 
8338	43 
8339	48 
8340	52 
8341	37 
8342	28 
8343	44 
8344	27 
8345	24 
8346	41 
8347	7 
8348	48 
8349	25 
8350	25 
8351	3 
8352	48 
8353	43 
8354	16 
8355	48 
8356	38 
8357	12 
8358	9 
8359	8 
8360	24 
8361	12 
8362	42 
8363	23 
8364	42 
8365	24 
8366	25 
8367	37 
8368	28 
8369	8 
8370	42 
8371	35 
8372	4 
8373	34 
8374	10 
8375	39 
8376	28 
8377	44 
8378	26 
8379	7 
8380	42 
8381	44 
8382	12 
8383	15 
8384	33 
8385	39 
8386	24 
8387	51 
8388	32 
8389	8 
8390	49 
8391	48 
8392	41 
8393	38 
8394	52 
8395	46 
8396	9 
8397	46 
8398	39 
8399	48 
8400	52 
8401	49 
8402	34 
8403	26 
8404	48 
8405	8 
8406	17 
8407	51 
8408	51 
8409	3 
8410	9 
8411	43 
8412	7 
8413	7 
8414	14 
8415	32 
8416	15 
8417	36 
8418	4 
8419	24 
8420	17 
8421	42 
8422	43 
8423	16 
8424	32 
8425	28 
8426	51 
8427	26 
8428	5 
8429	43 
8430	45 
8431	34 
8432	25 
8433	34 
8434	51 
8435	25 
8436	9 
8437	15 
8438	32 
8439	12 
8440	7 
8441	15 
8442	39 
8443	39 
8444	51 
8445	35 
8446	3 
8447	46 
8448	43 
8449	50 
8450	33 
8451	13 
8452	35 
8453	40 
8454	18 
8455	48 
8456	9 
8457	9 
8458	43 
8459	49 
8460	12 
8461	50 
8462	51 
8463	42 
8464	35 
8465	42 
8466	4 
8467	11 
8468	28 
8469	8 
8470	5 
8471	36 
8472	26 
8473	51 
8474	27 
8475	47 
8476	29 
8477	7 
8478	26 
8479	42 
8480	43 
8481	36 
8482	39 
8483	14 
8484	50 
8485	38 
8486	51 
8487	42 
8488	11 
8489	42 
8490	32 
8491	42 
8492	2 
8493	24 
8494	51 
8495	21 
8496	31 
8497	30 
8498	39 
8499	42 
8500	39 
8501	8 
8502	9 
8503	19 
8504	7 
8505	42 
8506	39 
8507	26 
8508	18 
8509	51 
8510	49 
8511	46 
8512	52 
8513	8 
8514	23 
8515	42 
8516	51 
8517	28 
8518	28 
8519	8 
8520	48 
8521	28 
8522	32 
8523	46 
8524	43 
8525	42 
8526	25 
8527	28 
8528	8 
8529	16 
8530	39 
8531	49 
8532	49 
8533	9 
8534	24 
8535	32 
8536	3 
8537	44 
8538	4 
8539	51 
8540	43 
8541	7 
8542	7 
8543	28 
8544	7 
8545	44 
8546	5 
8547	12 
8548	39 
8549	28 
8550	43 
8551	5 
8552	49 
8553	11 
8554	39 
8555	43 
8556	27 
8557	51 
8558	15 
8559	11 
8560	31 
8561	50 
8562	43 
8563	51 
8564	50 
8565	42 
8566	20 
8567	43 
8568	49 
8569	45 
8570	4 
8571	7 
8572	20 
8573	21 
8574	5 
8575	51 
8576	46 
8577	49 
8578	34 
8579	40 
8580	8 
8581	51 
8582	9 
8583	40 
8584	43 
8585	28 
8586	5 
8587	7 
8588	38 
8589	50 
8590	35 
8591	49 
8592	45 
8593	10 
8594	28 
8595	10 
8596	26 
8597	49 
8598	1 
8599	42 
8600	26 
8601	28 
8602	10 
8603	29 
8604	28 
8605	49 
8606	36 
8607	7 
8608	36 
8609	48 
8610	39 
8611	46 
8612	51 
8613	32 
8614	42 
8615	40 
8616	43 
8617	43 
8618	38 
8619	43 
8620	43 
8621	46 
8622	49 
8623	12 
8624	5 
8625	46 
8626	36 
8627	43 
8628	31 
8629	28 
8630	47 
8631	7 
8632	28 
8633	8 
8634	26 
8635	7 
8636	42 
8637	4 
8638	26 
8639	25 
8640	17 
8641	7 
8642	51 
8643	42 
8644	32 
8645	16 
8646	43 
8647	47 
8648	52 
8649	24 
8650	25 
8651	10 
8652	29 
8653	20 
8654	5 
8655	39 
8656	24 
8657	24 
8658	23 
8659	8 
8660	8 
8661	20 
8662	8 
8663	51 
8664	25 
8665	42 
8666	28 
8667	39 
8668	45 
8669	50 
8670	43 
8671	4 
8672	32 
8673	5 
8674	24 
8675	34 
8676	42 
8677	50 
8678	50 
8679	35 
8680	47 
8681	43 
8682	17 
8683	38 
8684	28 
8685	14 
8686	24 
8687	50 
8688	36 
8689	47 
8690	9 
8691	38 
8692	42 
8693	49 
8694	9 
8695	37 
8696	8 
8697	49 
8698	32 
8699	8 
8700	36 
8701	46 
8702	22 
8703	47 
8704	20 
8705	20 
8706	34 
8707	3 
8708	8 
8709	43 
8710	8 
8711	42 
8712	12 
8713	39 
8714	24 
8715	20 
8716	33 
8717	4 
8718	49 
8719	12 
8720	15 
8721	6 
8722	50 
8723	30 
8724	20 
8725	46 
8726	43 
8727	7 
8728	42 
8729	38 
8730	43 
8731	16 
8732	36 
8733	49 
8734	38 
8735	4 
8736	43 
8737	39 
8738	13 
8739	19 
8740	43 
8741	39 
8742	15 
8743	43 
8744	5 
8745	14 
8746	46 
8747	7 
8748	8 
8749	38 
8750	45 
8751	31 
8752	10 
8753	15 
8754	43 
8755	46 
8756	49 
8757	18 
8758	1 
8759	45 
8760	42 
8761	1 
8762	47 
8763	17 
8764	2 
8765	4 
8766	1 
8767	10 
8768	4 
8769	47 
8770	37 
8771	42 
8772	27 
8773	2 
8774	36 
8775	51 
8776	19 
8777	11 
8778	9 
8779	5 
8780	5 
8781	23 
8782	11 
8783	15 
8784	17 
8785	48 
8786	50 
8787	2 
8788	8 
8789	39 
8790	43 
8791	49 
8792	24 
8793	14 
8794	7 
8795	45 
8796	42 
8797	10 
8798	5 
8799	51 
8800	9 
8801	15 
8802	42 
8803	52 
8804	32 
8805	28 
8806	52 
8807	45 
8808	11 
8809	41 
8810	44 
8811	28 
8812	44 
8813	25 
8814	7 
8815	45 
8816	49 
8817	33 
8818	4 
8819	31 
8820	9 
8821	42 
8822	14 
8823	39 
8824	13 
8825	39 
8826	8 
8827	50 
8828	47 
8829	36 
8830	36 
8831	8 
8832	38 
8833	38 
8834	8 
8835	38 
8836	46 
8837	20 
8838	44 
8839	52 
8840	44 
8841	17 
8842	46 
8843	8 
8844	11 
8845	49 
8846	42 
8847	26 
8848	8 
8849	43 
8850	10 
8851	23 
8852	18 
8853	25 
8854	7 
8855	38 
8856	28 
8857	42 
8858	48 
8859	52 
8860	46 
8861	34 
8862	32 
8863	8 
8864	38 
8865	42 
8866	6 
8867	25 
8868	49 
8869	47 
8870	31 
8871	35 
8872	32 
8873	44 
8874	39 
8875	5 
8876	16 
8877	8 
8878	43 
8879	11 
8880	47 
8881	5 
8882	52 
8883	30 
8884	5 
8885	39 
8886	49 
8887	12 
8888	16 
8889	38 
8890	49 
8891	45 
8892	36 
8893	4 
8894	7 
8895	8 
8896	8 
8897	12 
8898	43 
8899	42 
8900	6 
8901	51 
8902	32 
8903	7 
8904	11 
8905	10 
8906	49 
8907	24 
8908	47 
8909	43 
8910	47 
8911	5 
8912	24 
8913	9 
8914	4 
8915	12 
8916	5 
8917	8 
8918	47 
8919	39 
8920	9 
8921	25 
8922	51 
8923	42 
8924	28 
8925	34 
8926	11 
8927	28 
8928	28 
8929	26 
8930	8 
8931	45 
8932	21 
8933	28 
8934	48 
8935	5 
8936	52 
8937	5 
8938	12 
8939	8 
8940	5 
8941	49 
8942	11 
8943	30 
8944	11 
8945	12 
8946	49 
8947	47 
8948	7 
8949	47 
8950	44 
8951	50 
8952	43 
8953	52 
8954	12 
8955	8 
8956	33 
8957	8 
8958	19 
8959	15 
8960	24 
8961	45 
8962	36 
8963	42 
8964	8 
8965	7 
8966	45 
8967	46 
8968	8 
8969	23 
8970	37 
8971	25 
8972	9 
8973	32 
8974	28 
8975	39 
8976	16 
8977	46 
8978	16 
8979	24 
8980	24 
8981	51 
8982	25 
8983	51 
8984	39 
8985	50 
8986	7 
8987	6 
8988	5 
8989	45 
8990	51 
8991	43 
8992	32 
8993	26 
8994	36 
8995	45 
8996	42 
8997	22 
8998	44 
8999	28 
9000	32 
9001	11 
9002	51 
9003	24 
9004	25 
9005	47 
9006	49 
9007	8 
9008	4 
9009	52 
9010	46 
9011	8 
9012	42 
9013	25 
9014	42 
9015	28 
9016	7 
9017	47 
9018	12 
9019	12 
9020	49 
9021	19 
9022	26 
9023	24 
9024	39 
9025	4 
9026	43 
9027	49 
9028	51 
9029	39 
9030	4 
9031	46 
9032	51 
9033	9 
9034	33 
9035	8 
9036	28 
9037	49 
9038	13 
9039	25 
9040	44 
9041	43 
9042	17 
9043	40 
9044	47 
9045	50 
9046	28 
9047	49 
9048	39 
9049	46 
9050	39 
9051	34 
9052	13 
9053	13 
9054	36 
9055	25 
9056	29 
9057	12 
9058	45 
9059	28 
9060	36 
9061	26 
9062	12 
9063	28 
9064	26 
9065	21 
9066	8 
9067	24 
9068	48 
9069	48 
9070	51 
9071	38 
9072	7 
9073	30 
9074	49 
9075	8 
9076	25 
9077	32 
9078	13 
9079	11 
9080	28 
9081	36 
9082	39 
9083	49 
9084	52 
9085	38 
9086	51 
9087	5 
9088	43 
9089	39 
9090	12 
9091	12 
9092	51 
9093	42 
9094	51 
9095	34 
9096	13 
9097	10 
9098	25 
9099	43 
9100	42 
9101	52 
9102	24 
9103	12 
9104	8 
9105	7 
9106	11 
9107	39 
9108	7 
9109	25 
9110	42 
9111	12 
9112	5 
9113	44 
9114	7 
9115	49 
9116	51 
9117	52 
9118	49 
9119	25 
9120	23 
9121	47 
9122	7 
9123	42 
9124	41 
9125	38 
9126	16 
9127	28 
9128	52 
9129	47 
9130	39 
9131	43 
9132	5 
9133	21 
9134	36 
9135	8 
9136	51 
9137	51 
9138	32 
9139	28 
9140	26 
9141	51 
9142	25 
9143	28 
9144	51 
9145	8 
9146	16 
9147	45 
9148	51 
9149	36 
9150	39 
9151	15 
9152	34 
9153	9 
9154	45 
9155	12 
9156	14 
9157	28 
9158	24 
9159	44 
9160	51 
9161	25 
9162	47 
9163	42 
9164	45 
9165	44 
9166	15 
9167	44 
9168	7 
9169	5 
9170	39 
9171	30 
9172	8 
9173	36 
9174	42 
9175	20 
9176	49 
9177	43 
9178	48 
9179	12 
9180	1 
9181	8 
9182	52 
9183	42 
9184	11 
9185	38 
9186	18 
9187	8 
9188	28 
9189	45 
9190	5 
9191	3 
9192	1 
9193	7 
9194	8 
9195	42 
9196	36 
9197	23 
9198	15 
9199	4 
9200	44 
9201	45 
9202	52 
9203	5 
9204	14 
9205	42 
9206	32 
9207	23 
9208	49 
9209	20 
9210	49 
9211	45 
9212	29 
9213	50 
9214	43 
9215	39 
9216	50 
9217	29 
9218	8 
9219	16 
9220	9 
9221	39 
9222	44 
9223	44 
9224	39 
9225	17 
9226	44 
9227	1 
9228	43 
9229	32 
9230	44 
9231	24 
9232	36 
9233	7 
9234	32 
9235	51 
9236	39 
9237	49 
9238	42 
9239	49 
9240	38 
9241	47 
9242	51 
9243	38 
9244	7 
9245	36 
9246	13 
9247	37 
9248	12 
9249	33 
9250	17 
9251	14 
9252	51 
9253	12 
9254	47 
9255	11 
9256	40 
9257	43 
9258	50 
9259	24 
9260	46 
9261	16 
9262	28 
9263	7 
9264	14 
9265	25 
9266	42 
9267	52 
9268	17 
9269	5 
9270	43 
9271	47 
9272	12 
9273	28 
9274	24 
9275	19 
9276	25 
9277	41 
9278	38 
9279	3 
9280	42 
9281	51 
9282	5 
9283	20 
9284	37 
9285	43 
9286	8 
9287	11 
9288	36 
9289	43 
9290	41 
9291	9 
9292	34 
9293	12 
9294	24 
9295	16 
9296	8 
9297	7 
9298	36 
9299	12 
9300	51 
9301	33 
9302	7 
9303	28 
9304	45 
9305	32 
9306	28 
9307	1 
9308	16 
9309	4 
9310	8 
9311	9 
9312	2 
9313	44 
9314	4 
9315	25 
9316	22 
9317	28 
9318	31 
9319	43 
9320	45 
9321	43 
9322	16 
9323	28 
9324	10 
9325	7 
9326	47 
9327	14 
9328	48 
9329	16 
9330	15 
9331	28 
9332	24 
9333	39 
9334	1 
9335	28 
9336	12 
9337	15 
9338	51 
9339	6 
9340	46 
9341	32 
9342	1 
9343	47 
9344	16 
9345	22 
9346	9 
9347	5 
9348	5 
9349	7 
9350	12 
9351	42 
9352	49 
9353	9 
9354	7 
9355	49 
9356	38 
9357	38 
9358	47 
9359	20 
9360	43 
9361	48 
9362	1 
9363	5 
9364	49 
9365	7 
9366	11 
9367	42 
9368	38 
9369	12 
9370	51 
9371	31 
9372	45 
9373	39 
9374	33 
9375	1 
9376	51 
9377	5 
9378	39 
9379	8 
9380	46 
9381	4 
9382	6 
9383	28 
9384	36 
9385	31 
9386	36 
9387	39 
9388	42 
9389	7 
9390	50 
9391	43 
9392	42 
9393	4 
9394	19 
9395	49 
9396	48 
9397	8 
9398	44 
9399	25 
9400	4 
9401	7 
9402	7 
9403	39 
9404	7 
9405	49 
9406	11 
9407	43 
9408	36 
9409	15 
9410	38 
9411	14 
9412	35 
9413	8 
9414	36 
9415	39 
9416	6 
9417	46 
9418	45 
9419	24 
9420	3 
9421	47 
9422	12 
9423	42 
9424	47 
9425	10 
9426	25 
9427	4 
9428	49 
9429	48 
9430	27 
9431	49 
9432	49 
9433	39 
9434	11 
9435	12 
9436	28 
9437	47 
9438	5 
9439	11 
9440	25 
9441	48 
9442	51 
9443	12 
9444	16 
9445	6 
9446	28 
9447	45 
9448	52 
9449	52 
9450	45 
9451	35 
9452	24 
9453	8 
9454	36 
9455	49 
9456	33 
9457	22 
9458	45 
9459	7 
9460	25 
9461	12 
9462	12 
9463	16 
9464	19 
9465	16 
9466	32 
9467	30 
9468	45 
9469	49 
9470	47 
9471	9 
9472	52 
9473	1 
9474	5 
9475	43 
9476	43 
9477	16 
9478	3 
9479	15 
9480	31 
9481	15 
9482	39 
9483	51 
9484	39 
9485	32 
9486	24 
9487	43 
9488	5 
9489	49 
9490	45 
9491	28 
9492	39 
9493	14 
9494	5 
9495	5 
9496	29 
9497	43 
9498	51 
9499	39 
9500	25 
9501	9 
9502	8 
9503	7 
9504	51 
9505	12 
9506	5 
9507	4 
9508	38 
9509	12 
9510	8 
9511	50 
9512	42 
9513	12 
9514	30 
9515	47 
9516	3 
9517	28 
9518	39 
9519	47 
9520	50 
9521	35 
9522	32 
9523	25 
9524	52 
9525	12 
9526	42 
9527	51 
9528	12 
9529	25 
9530	28 
9531	25 
9532	45 
9533	43 
9534	28 
9535	51 
9536	12 
9537	52 
9538	46 
9539	48 
9540	31 
9541	6 
9542	42 
9543	5 
9544	47 
9545	49 
9546	8 
9547	47 
9548	51 
9549	26 
9550	48 
9551	47 
9552	12 
9553	51 
9554	47 
9555	43 
9556	26 
9557	23 
9558	44 
9559	7 
9560	8 
9561	42 
9562	44 
9563	28 
9564	51 
9565	50 
9566	26 
9567	43 
9568	38 
9569	35 
9570	28 
9571	8 
9572	27 
9573	42 
9574	28 
9575	51 
9576	11 
9577	48 
9578	11 
9579	28 
9580	51 
9581	27 
9582	32 
9583	47 
9584	32 
9585	49 
9586	51 
9587	26 
9588	39 
9589	49 
9590	49 
9591	5 
9592	15 
9593	7 
9594	7 
9595	5 
9596	28 
9597	39 
9598	35 
9599	38 
9600	26 
9601	36 
9602	12 
9603	32 
9604	28 
9605	12 
9606	25 
9607	33 
9608	49 
9609	14 
9610	26 
9611	5 
9612	47 
9613	47 
9614	28 
9615	4 
9616	43 
9617	5 
9618	12 
9619	49 
9620	47 
9621	33 
9622	9 
9623	51 
9624	12 
9625	42 
9626	45 
9627	10 
9628	50 
9629	49 
9630	47 
9631	39 
9632	8 
9633	11 
9634	48 
9635	7 
9636	11 
9637	42 
9638	7 
9639	42 
9640	51 
9641	43 
9642	25 
9643	28 
9644	47 
9645	36 
9646	12 
9647	35 
9648	42 
9649	51 
9650	4 
9651	4 
9652	51 
9653	48 
9654	7 
9655	39 
9656	10 
9657	7 
9658	8 
9659	15 
9660	39 
9661	12 
9662	7 
9663	15 
9664	27 
9665	4 
9666	9 
9667	38 
9668	28 
9669	32 
9670	50 
9671	8 
9672	45 
9673	12 
9674	43 
9675	25 
9676	14 
9677	47 
9678	12 
9679	32 
9680	47 
9681	32 
9682	42 
9683	25 
9684	47 
9685	5 
9686	51 
9687	34 
9688	43 
9689	27 
9690	36 
9691	47 
9692	15 
9693	4 
9694	33 
9695	49 
9696	44 
9697	12 
9698	28 
9699	43 
9700	25 
9701	12 
9702	51 
9703	28 
9704	52 
9705	7 
9706	52 
9707	7 
9708	8 
9709	12 
9710	42 
9711	12 
9712	24 
9713	15 
9714	43 
9715	32 
9716	25 
9717	47 
9718	51 
9719	42 
9720	45 
9721	28 
9722	8 
9723	52 
9724	48 
9725	49 
9726	7 
9727	49 
9728	11 
9729	24 
9730	7 
9731	4 
9732	43 
9733	15 
9734	45 
9735	45 
9736	1 
9737	33 
9738	51 
9739	45 
9740	49 
9741	28 
9742	15 
9743	36 
9744	48 
9745	15 
9746	25 
9747	44 
9748	28 
9749	12 
9750	43 
9751	12 
9752	28 
9753	39 
9754	5 
9755	51 
9756	46 
9757	50 
9758	47 
9759	49 
9760	39 
9761	11 
9762	25 
9763	4 
9764	12 
9765	39 
9766	4 
9767	43 
9768	32 
9769	7 
9770	28 
9771	7 
9772	24 
9773	14 
9774	42 
9775	26 
9776	43 
9777	43 
9778	26 
9779	51 
9780	25 
9781	43 
9782	39 
9783	8 
9784	45 
9785	50 
9786	45 
9787	11 
9788	15 
9789	11 
9790	4 
9791	12 
9792	7 
9793	20 
9794	14 
9795	32 
9796	51 
9797	39 
9798	32 
9799	38 
9800	9 
9801	42 
9802	51 
9803	16 
9804	1 
9805	36 
9806	15 
9807	42 
9808	44 
9809	39 
9810	8 
9811	16 
9812	50 
9813	38 
9814	38 
9815	46 
9816	9 
9817	49 
9818	47 
9819	8 
9820	4 
9821	48 
9822	26 
9823	39 
9824	14 
9825	12 
9826	39 
9827	25 
9828	49 
9829	51 
9830	32 
9831	49 
9832	38 
9833	39 
9834	49 
9835	5 
9836	49 
9837	49 
9838	7 
9839	51 
9840	12 
9841	16 
9842	45 
9843	47 
9844	39 
9845	43 
9846	49 
9847	26 
9848	32 
9849	43 
9850	46 
9851	45 
9852	50 
9853	15 
9854	7 
9855	51 
9856	7 
9857	12 
9858	7 
9859	51 
9860	28 
9861	5 
9862	45 
9863	43 
9864	28 
9865	38 
9866	46 
9867	12 
9868	16 
9869	51 
9870	5 
9871	11 
9872	26 
9873	25 
9874	42 
9875	50 
9876	38 
9877	4 
9878	1 
9879	42 
9880	48 
9881	51 
9882	52 
9883	36 
9884	45 
9885	25 
9886	50 
9887	47 
9888	47 
9889	24 
9890	47 
9891	49 
9892	7 
9893	7 
9894	8 
9895	7 
9896	51 
9897	25 
9898	43 
9899	42 
9900	12 
9901	52 
9902	8 
9903	52 
9904	5 
9905	20 
9906	50 
9907	24 
9908	11 
9909	5 
9910	12 
9911	48 
9912	25 
9913	5 
9914	38 
9915	7 
9916	36 
9917	7 
9918	43 
9919	11 
9920	47 
9921	45 
9922	51 
9923	12 
9924	28 
9925	42 
9926	12 
9927	9 
9928	32 
9929	38 
9930	25 
9931	38 
9932	28 
9933	28 
9934	11 
9935	47 
9936	7 
9937	4 
9938	49 
9939	15 
9940	51 
9941	28 
9942	28 
9943	7 
9944	5 
9945	16 
9946	28 
9947	46 
9948	50 
9949	51 
9950	15 
9951	7 
9952	12 
9953	12 
9954	32 
9955	4 
9956	9 
9957	25 
9958	38 
9959	32 
9960	50 
9961	7 
9962	11 
9963	15 
9964	42 
9965	50 
9966	25 
9967	8 
9968	8 
9969	16 
9970	16 
9971	9 
9972	49 
9973	16 
9974	49 
9975	39 
9976	25 
9977	38 
9978	39 
9979	12 
9980	8 
9981	7 
9982	48 
9983	42 
9984	26 
9985	16 
9986	49 
9987	12 
9988	8 
9989	4 
9990	9 
9991	52 
9992	38 
9993	49 
9994	36 
9995	5 
9996	39 
9997	39 
9998	12 
9999	51 
10000	45 
