1	18 
2	46 
3	40 
4	1 
5	42 
6	52 
7	37 
8	14 
9	10 
10	51 
11	31 
12	41 
13	42 
14	11 
15	46 
16	17 
17	21 
18	4 
19	28 
20	38 
21	32 
22	32 
23	39 
24	49 
25	28 
26	17 
27	28 
28	41 
29	45 
30	10 
31	1 
32	23 
33	4 
34	30 
35	26 
36	33 
37	25 
38	28 
39	32 
40	6 
41	46 
42	52 
43	16 
44	39 
45	45 
46	21 
47	45 
48	24 
49	49 
50	24 
51	45 
52	46 
53	5 
54	42 
55	49 
56	3 
57	15 
58	4 
59	10 
60	8 
61	28 
62	17 
63	29 
64	39 
65	52 
66	1 
67	28 
68	42 
69	45 
70	52 
71	49 
72	1 
73	46 
74	4 
75	6 
76	2 
77	10 
78	41 
79	25 
80	49 
81	10 
82	35 
83	32 
84	41 
85	10 
86	44 
87	23 
88	39 
89	14 
90	39 
91	4 
92	48 
93	38 
94	48 
95	35 
96	44 
97	1 
98	23 
99	33 
100	4 
101	39 
102	33 
103	31 
104	51 
105	25 
106	14 
107	13 
108	45 
109	33 
110	1 
111	46 
112	33 
113	11 
114	3 
115	21 
116	20 
117	42 
118	7 
119	20 
120	25 
121	52 
122	4 
123	46 
124	5 
125	14 
126	14 
127	17 
128	27 
129	15 
130	42 
131	14 
132	14 
133	41 
134	17 
135	9 
136	9 
137	14 
138	5 
139	38 
140	31 
141	2 
142	47 
143	17 
144	30 
145	51 
146	49 
147	2 
148	5 
149	10 
150	23 
151	45 
152	1 
153	48 
154	46 
155	39 
156	2 
157	25 
158	33 
159	10 
160	22 
161	41 
162	18 
163	33 
164	31 
165	9 
166	2 
167	39 
168	22 
169	27 
170	18 
171	51 
172	9 
173	51 
174	40 
175	2 
176	39 
177	35 
178	28 
179	17 
180	32 
181	52 
182	22 
183	46 
184	28 
185	40 
186	20 
187	33 
188	25 
189	6 
190	17 
191	45 
192	10 
193	46 
194	31 
195	19 
196	31 
197	17 
198	46 
199	17 
200	23 
201	45 
202	17 
203	9 
204	33 
205	1 
206	18 
207	9 
208	1 
209	5 
210	27 
211	13 
212	52 
213	48 
214	29 
215	2 
216	45 
217	20 
218	17 
219	17 
220	14 
221	5 
222	39 
223	50 
224	22 
225	47 
226	51 
227	51 
228	32 
229	42 
230	44 
231	23 
232	48 
233	28 
234	22 
235	43 
236	25 
237	33 
238	52 
239	25 
240	48 
241	10 
242	10 
243	6 
244	52 
245	33 
246	14 
247	25 
248	52 
249	45 
250	34 
251	30 
252	28 
253	13 
254	46 
255	45 
256	23 
257	46 
258	4 
259	46 
260	30 
261	38 
262	5 
263	14 
264	6 
265	26 
266	52 
267	28 
268	6 
269	8 
270	17 
271	6 
272	33 
273	23 
274	25 
275	44 
276	32 
277	14 
278	16 
279	26 
280	46 
281	50 
282	28 
283	4 
284	5 
285	46 
286	31 
287	52 
288	17 
289	50 
290	52 
291	1 
292	20 
293	50 
294	37 
295	32 
296	1 
297	5 
298	16 
299	19 
300	35 
301	16 
302	22 
303	39 
304	22 
305	45 
306	45 
307	42 
308	25 
309	13 
310	48 
311	22 
312	13 
313	42 
314	17 
315	30 
316	25 
317	45 
318	1 
319	10 
320	28 
321	46 
322	31 
323	28 
324	6 
325	28 
326	39 
327	42 
328	33 
329	10 
330	20 
331	31 
332	34 
333	42 
334	52 
335	33 
336	33 
337	21 
338	20 
339	14 
340	49 
341	23 
342	10 
343	51 
344	42 
345	2 
346	33 
347	17 
348	39 
349	27 
350	15 
351	28 
352	5 
353	4 
354	10 
355	48 
356	24 
357	39 
358	14 
359	1 
360	31 
361	5 
362	3 
363	1 
364	10 
365	17 
366	32 
367	45 
368	9 
369	32 
370	34 
371	28 
372	1 
373	22 
374	37 
375	14 
376	14 
377	44 
378	42 
379	35 
380	44 
381	23 
382	52 
383	39 
384	13 
385	28 
386	33 
387	6 
388	1 
389	33 
390	22 
391	11 
392	44 
393	9 
394	52 
395	28 
396	15 
397	2 
398	42 
399	20 
400	37 
401	35 
402	17 
403	8 
404	41 
405	20 
406	17 
407	29 
408	8 
409	46 
410	32 
411	46 
412	3 
413	14 
414	23 
415	39 
416	32 
417	34 
418	29 
419	23 
420	39 
421	1 
422	38 
423	5 
424	23 
425	20 
426	4 
427	39 
428	44 
429	18 
430	33 
431	14 
432	48 
433	51 
434	5 
435	22 
436	2 
437	1 
438	42 
439	30 
440	27 
441	42 
442	31 
443	33 
444	2 
445	35 
446	52 
447	51 
448	30 
449	52 
450	6 
451	5 
452	9 
453	11 
454	45 
455	32 
456	17 
457	9 
458	29 
459	19 
460	23 
461	33 
462	14 
463	13 
464	35 
465	47 
466	25 
467	39 
468	28 
469	50 
470	5 
471	22 
472	45 
473	42 
474	9 
475	45 
476	27 
477	32 
478	4 
479	10 
480	42 
481	1 
482	8 
483	27 
484	14 
485	27 
486	13 
487	29 
488	32 
489	14 
490	5 
491	30 
492	3 
493	46 
494	10 
495	44 
496	52 
497	40 
498	46 
499	51 
500	31 
501	20 
502	22 
503	14 
504	13 
505	39 
506	45 
507	26 
508	46 
509	30 
510	22 
511	11 
512	25 
513	51 
514	10 
515	25 
516	25 
517	10 
518	48 
519	28 
520	42 
521	33 
522	10 
523	10 
524	20 
525	23 
526	46 
527	47 
528	2 
529	52 
530	45 
531	24 
532	39 
533	39 
534	45 
535	28 
536	25 
537	45 
538	23 
539	51 
540	52 
541	3 
542	35 
543	25 
544	47 
545	44 
546	17 
547	42 
548	6 
549	17 
550	41 
551	25 
552	52 
553	2 
554	28 
555	40 
556	52 
557	14 
558	28 
559	5 
560	35 
561	20 
562	24 
563	32 
564	46 
565	17 
566	22 
567	25 
568	28 
569	46 
570	1 
571	33 
572	28 
573	28 
574	45 
575	20 
576	28 
577	32 
578	13 
579	1 
580	23 
581	39 
582	28 
583	23 
584	4 
585	6 
586	35 
587	1 
588	14 
589	45 
590	19 
591	33 
592	14 
593	6 
594	40 
595	42 
596	52 
597	39 
598	5 
599	19 
600	30 
601	39 
602	41 
603	17 
604	9 
605	52 
606	39 
607	50 
608	39 
609	31 
610	13 
611	18 
612	5 
613	42 
614	13 
615	31 
616	22 
617	5 
618	5 
619	45 
620	44 
621	9 
622	45 
623	20 
624	5 
625	13 
626	50 
627	29 
628	42 
629	50 
630	46 
631	9 
632	46 
633	9 
634	32 
635	31 
636	52 
637	5 
638	17 
639	20 
640	14 
641	17 
642	14 
643	4 
644	39 
645	20 
646	20 
647	32 
648	52 
649	23 
650	51 
651	33 
652	44 
653	33 
654	51 
655	4 
656	38 
657	6 
658	38 
659	51 
660	46 
661	41 
662	51 
663	14 
664	17 
665	46 
666	33 
667	50 
668	51 
669	52 
670	19 
671	17 
672	39 
673	51 
674	39 
675	45 
676	14 
677	39 
678	46 
679	11 
680	15 
681	51 
682	51 
683	17 
684	1 
685	51 
686	4 
687	45 
688	50 
689	38 
690	2 
691	5 
692	10 
693	13 
694	41 
695	44 
696	43 
697	23 
698	25 
699	10 
700	52 
701	5 
702	17 
703	14 
704	51 
705	3 
706	51 
707	7 
708	42 
709	8 
710	51 
711	5 
712	28 
713	20 
714	45 
715	23 
716	52 
717	39 
718	10 
719	1 
720	35 
721	45 
722	33 
723	48 
724	46 
725	7 
726	46 
727	5 
728	32 
729	38 
730	51 
731	24 
732	42 
733	10 
734	51 
735	9 
736	17 
737	12 
738	10 
739	17 
740	33 
741	51 
742	46 
743	23 
744	43 
745	9 
746	17 
747	39 
748	23 
749	31 
750	5 
751	30 
752	46 
753	41 
754	52 
755	5 
756	20 
757	4 
758	39 
759	42 
760	44 
761	27 
762	18 
763	28 
764	10 
765	10 
766	17 
767	51 
768	15 
769	30 
770	36 
771	52 
772	52 
773	27 
774	41 
775	1 
776	38 
777	33 
778	5 
779	9 
780	22 
781	25 
782	52 
783	45 
784	20 
785	5 
786	18 
787	28 
788	32 
789	52 
790	12 
791	51 
792	44 
793	37 
794	39 
795	3 
796	39 
797	10 
798	22 
799	15 
800	37 
801	31 
802	12 
803	49 
804	32 
805	1 
806	46 
807	10 
808	41 
809	51 
810	12 
811	20 
812	46 
813	39 
814	1 
815	13 
816	39 
817	3 
818	5 
819	33 
820	10 
821	39 
822	30 
823	30 
824	23 
825	14 
826	19 
827	9 
828	23 
829	35 
830	30 
831	10 
832	32 
833	32 
834	46 
835	28 
836	46 
837	16 
838	17 
839	6 
840	24 
841	8 
842	17 
843	28 
844	46 
845	27 
846	33 
847	20 
848	48 
849	30 
850	42 
851	52 
852	21 
853	12 
854	41 
855	32 
856	25 
857	30 
858	10 
859	37 
860	31 
861	32 
862	46 
863	10 
864	52 
865	23 
866	13 
867	25 
868	51 
869	27 
870	19 
871	20 
872	17 
873	10 
874	17 
875	51 
876	2 
877	52 
878	45 
879	28 
880	50 
881	51 
882	5 
883	51 
884	22 
885	32 
886	32 
887	22 
888	14 
889	46 
890	52 
891	14 
892	49 
893	24 
894	8 
895	28 
896	23 
897	2 
898	37 
899	7 
900	23 
901	9 
902	14 
903	27 
904	17 
905	38 
906	33 
907	29 
908	46 
909	31 
910	48 
911	52 
912	14 
913	46 
914	46 
915	51 
916	27 
917	2 
918	40 
919	25 
920	32 
921	50 
922	20 
923	9 
924	16 
925	32 
926	39 
927	17 
928	50 
929	46 
930	25 
931	32 
932	28 
933	33 
934	1 
935	32 
936	43 
937	50 
938	19 
939	52 
940	39 
941	37 
942	37 
943	17 
944	42 
945	52 
946	1 
947	10 
948	33 
949	28 
950	19 
951	44 
952	16 
953	33 
954	14 
955	32 
956	15 
957	46 
958	43 
959	39 
960	8 
961	22 
962	15 
963	35 
964	10 
965	22 
966	23 
967	28 
968	17 
969	44 
970	15 
971	41 
972	9 
973	5 
974	49 
975	24 
976	46 
977	32 
978	26 
979	42 
980	51 
981	35 
982	20 
983	31 
984	51 
985	52 
986	5 
987	46 
988	5 
989	46 
990	49 
991	33 
992	32 
993	28 
994	26 
995	44 
996	1 
997	51 
998	46 
999	39 
1000	42 
1001	5 
1002	33 
1003	2 
1004	46 
1005	39 
1006	9 
1007	8 
1008	8 
1009	49 
1010	44 
1011	23 
1012	10 
1013	19 
1014	52 
1015	51 
1016	1 
1017	24 
1018	23 
1019	12 
1020	46 
1021	47 
1022	33 
1023	27 
1024	14 
1025	6 
1026	2 
1027	22 
1028	33 
1029	14 
1030	1 
1031	32 
1032	22 
1033	52 
1034	6 
1035	45 
1036	41 
1037	50 
1038	16 
1039	13 
1040	2 
1041	14 
1042	10 
1043	39 
1044	17 
1045	23 
1046	27 
1047	9 
1048	44 
1049	51 
1050	1 
1051	17 
1052	9 
1053	39 
1054	10 
1055	40 
1056	22 
1057	11 
1058	25 
1059	32 
1060	39 
1061	22 
1062	37 
1063	1 
1064	12 
1065	28 
1066	38 
1067	33 
1068	32 
1069	33 
1070	32 
1071	14 
1072	46 
1073	14 
1074	28 
1075	32 
1076	8 
1077	17 
1078	6 
1079	10 
1080	25 
1081	39 
1082	20 
1083	22 
1084	13 
1085	52 
1086	32 
1087	45 
1088	51 
1089	28 
1090	5 
1091	51 
1092	3 
1093	2 
1094	15 
1095	47 
1096	11 
1097	42 
1098	33 
1099	10 
1100	10 
1101	23 
1102	36 
1103	28 
1104	11 
1105	13 
1106	28 
1107	41 
1108	46 
1109	3 
1110	5 
1111	1 
1112	14 
1113	17 
1114	52 
1115	27 
1116	50 
1117	2 
1118	28 
1119	41 
1120	1 
1121	13 
1122	2 
1123	23 
1124	51 
1125	14 
1126	26 
1127	44 
1128	22 
1129	42 
1130	5 
1131	39 
1132	45 
1133	32 
1134	28 
1135	38 
1136	23 
1137	16 
1138	1 
1139	45 
1140	39 
1141	30 
1142	10 
1143	32 
1144	6 
1145	52 
1146	2 
1147	38 
1148	26 
1149	20 
1150	32 
1151	28 
1152	29 
1153	38 
1154	46 
1155	45 
1156	10 
1157	45 
1158	32 
1159	10 
1160	28 
1161	12 
1162	44 
1163	48 
1164	35 
1165	5 
1166	46 
1167	28 
1168	27 
1169	28 
1170	10 
1171	13 
1172	42 
1173	42 
1174	3 
1175	4 
1176	46 
1177	28 
1178	28 
1179	10 
1180	52 
1181	44 
1182	14 
1183	17 
1184	41 
1185	51 
1186	2 
1187	45 
1188	33 
1189	29 
1190	5 
1191	32 
1192	28 
1193	30 
1194	50 
1195	28 
1196	5 
1197	14 
1198	44 
1199	52 
1200	19 
1201	20 
1202	10 
1203	18 
1204	32 
1205	9 
1206	25 
1207	22 
1208	28 
1209	13 
1210	24 
1211	22 
1212	33 
1213	32 
1214	23 
1215	40 
1216	12 
1217	35 
1218	43 
1219	46 
1220	27 
1221	10 
1222	51 
1223	4 
1224	10 
1225	48 
1226	17 
1227	19 
1228	39 
1229	10 
1230	1 
1231	10 
1232	5 
1233	48 
1234	23 
1235	40 
1236	28 
1237	25 
1238	52 
1239	25 
1240	52 
1241	2 
1242	51 
1243	16 
1244	38 
1245	46 
1246	16 
1247	46 
1248	23 
1249	35 
1250	51 
1251	46 
1252	3 
1253	32 
1254	1 
1255	52 
1256	34 
1257	9 
1258	46 
1259	10 
1260	33 
1261	25 
1262	13 
1263	33 
1264	46 
1265	46 
1266	5 
1267	5 
1268	5 
1269	32 
1270	30 
1271	46 
1272	27 
1273	8 
1274	52 
1275	11 
1276	48 
1277	31 
1278	23 
1279	51 
1280	23 
1281	16 
1282	46 
1283	44 
1284	38 
1285	21 
1286	23 
1287	6 
1288	10 
1289	7 
1290	39 
1291	13 
1292	14 
1293	4 
1294	1 
1295	45 
1296	9 
1297	41 
1298	39 
1299	8 
1300	32 
1301	39 
1302	19 
1303	32 
1304	47 
1305	24 
1306	51 
1307	32 
1308	9 
1309	4 
1310	46 
1311	17 
1312	28 
1313	48 
1314	52 
1315	10 
1316	49 
1317	51 
1318	10 
1319	45 
1320	39 
1321	10 
1322	10 
1323	33 
1324	24 
1325	46 
1326	2 
1327	38 
1328	23 
1329	30 
1330	51 
1331	6 
1332	1 
1333	14 
1334	46 
1335	20 
1336	27 
1337	10 
1338	42 
1339	25 
1340	21 
1341	14 
1342	52 
1343	32 
1344	10 
1345	28 
1346	1 
1347	10 
1348	40 
1349	4 
1350	5 
1351	23 
1352	42 
1353	27 
1354	45 
1355	44 
1356	10 
1357	44 
1358	23 
1359	11 
1360	1 
1361	23 
1362	10 
1363	41 
1364	22 
1365	10 
1366	4 
1367	17 
1368	39 
1369	45 
1370	12 
1371	45 
1372	14 
1373	14 
1374	28 
1375	33 
1376	10 
1377	33 
1378	5 
1379	22 
1380	45 
1381	28 
1382	19 
1383	39 
1384	51 
1385	27 
1386	51 
1387	45 
1388	44 
1389	10 
1390	52 
1391	17 
1392	22 
1393	42 
1394	41 
1395	49 
1396	19 
1397	15 
1398	10 
1399	30 
1400	10 
1401	7 
1402	35 
1403	48 
1404	23 
1405	51 
1406	39 
1407	44 
1408	5 
1409	45 
1410	10 
1411	49 
1412	2 
1413	20 
1414	4 
1415	22 
1416	10 
1417	10 
1418	42 
1419	26 
1420	15 
1421	5 
1422	1 
1423	31 
1424	10 
1425	39 
1426	39 
1427	39 
1428	16 
1429	30 
1430	25 
1431	50 
1432	30 
1433	46 
1434	4 
1435	6 
1436	5 
1437	32 
1438	46 
1439	20 
1440	5 
1441	52 
1442	42 
1443	23 
1444	44 
1445	32 
1446	9 
1447	3 
1448	2 
1449	1 
1450	10 
1451	45 
1452	20 
1453	50 
1454	39 
1455	4 
1456	6 
1457	32 
1458	1 
1459	14 
1460	5 
1461	6 
1462	45 
1463	3 
1464	33 
1465	14 
1466	41 
1467	10 
1468	24 
1469	14 
1470	11 
1471	25 
1472	44 
1473	10 
1474	38 
1475	2 
1476	49 
1477	45 
1478	14 
1479	42 
1480	35 
1481	27 
1482	51 
1483	44 
1484	26 
1485	48 
1486	38 
1487	28 
1488	20 
1489	2 
1490	10 
1491	9 
1492	45 
1493	10 
1494	40 
1495	36 
1496	28 
1497	17 
1498	13 
1499	28 
1500	10 
1501	41 
1502	50 
1503	4 
1504	51 
1505	45 
1506	10 
1507	25 
1508	32 
1509	45 
1510	48 
1511	51 
1512	6 
1513	32 
1514	28 
1515	32 
1516	33 
1517	50 
1518	14 
1519	25 
1520	32 
1521	9 
1522	15 
1523	27 
1524	41 
1525	29 
1526	17 
1527	25 
1528	46 
1529	17 
1530	5 
1531	14 
1532	25 
1533	16 
1534	46 
1535	5 
1536	32 
1537	7 
1538	5 
1539	17 
1540	47 
1541	52 
1542	42 
1543	20 
1544	5 
1545	34 
1546	32 
1547	1 
1548	44 
1549	10 
1550	24 
1551	4 
1552	45 
1553	30 
1554	34 
1555	39 
1556	21 
1557	10 
1558	45 
1559	13 
1560	42 
1561	18 
1562	45 
1563	1 
1564	51 
1565	28 
1566	17 
1567	10 
1568	52 
1569	13 
1570	39 
1571	51 
1572	6 
1573	44 
1574	46 
1575	13 
1576	28 
1577	31 
1578	5 
1579	10 
1580	4 
1581	46 
1582	8 
1583	26 
1584	7 
1585	13 
1586	27 
1587	23 
1588	46 
1589	42 
1590	30 
1591	6 
1592	51 
1593	27 
1594	5 
1595	42 
1596	15 
1597	31 
1598	39 
1599	33 
1600	39 
1601	51 
1602	25 
1603	28 
1604	5 
1605	46 
1606	26 
1607	25 
1608	47 
1609	51 
1610	41 
1611	51 
1612	10 
1613	14 
1614	22 
1615	5 
1616	22 
1617	17 
1618	19 
1619	10 
1620	52 
1621	52 
1622	8 
1623	20 
1624	32 
1625	52 
1626	32 
1627	36 
1628	52 
1629	10 
1630	2 
1631	5 
1632	29 
1633	19 
1634	28 
1635	45 
1636	39 
1637	32 
1638	48 
1639	27 
1640	26 
1641	41 
1642	30 
1643	33 
1644	20 
1645	51 
1646	15 
1647	34 
1648	41 
1649	13 
1650	41 
1651	13 
1652	25 
1653	17 
1654	22 
1655	45 
1656	19 
1657	41 
1658	34 
1659	47 
1660	22 
1661	1 
1662	45 
1663	30 
1664	39 
1665	46 
1666	10 
1667	32 
1668	20 
1669	2 
1670	4 
1671	45 
1672	1 
1673	17 
1674	35 
1675	18 
1676	26 
1677	8 
1678	14 
1679	5 
1680	42 
1681	32 
1682	10 
1683	36 
1684	5 
1685	20 
1686	32 
1687	6 
1688	4 
1689	22 
1690	28 
1691	5 
1692	13 
1693	41 
1694	45 
1695	44 
1696	1 
1697	10 
1698	1 
1699	28 
1700	39 
1701	51 
1702	4 
1703	45 
1704	42 
1705	17 
1706	33 
1707	39 
1708	34 
1709	13 
1710	45 
1711	44 
1712	32 
1713	28 
1714	23 
1715	4 
1716	27 
1717	27 
1718	20 
1719	10 
1720	46 
1721	44 
1722	14 
1723	40 
1724	45 
1725	28 
1726	23 
1727	28 
1728	16 
1729	25 
1730	7 
1731	1 
1732	39 
1733	4 
1734	3 
1735	51 
1736	45 
1737	51 
1738	18 
1739	51 
1740	14 
1741	17 
1742	9 
1743	46 
1744	46 
1745	20 
1746	46 
1747	46 
1748	3 
1749	51 
1750	41 
1751	10 
1752	23 
1753	10 
1754	28 
1755	14 
1756	6 
1757	46 
1758	17 
1759	15 
1760	52 
1761	38 
1762	10 
1763	42 
1764	14 
1765	40 
1766	25 
1767	31 
1768	8 
1769	17 
1770	45 
1771	17 
1772	1 
1773	39 
1774	17 
1775	14 
1776	14 
1777	40 
1778	25 
1779	48 
1780	46 
1781	28 
1782	5 
1783	5 
1784	52 
1785	6 
1786	10 
1787	52 
1788	15 
1789	31 
1790	33 
1791	8 
1792	5 
1793	45 
1794	1 
1795	42 
1796	52 
1797	46 
1798	18 
1799	46 
1800	38 
1801	17 
1802	8 
1803	16 
1804	2 
1805	5 
1806	4 
1807	9 
1808	27 
1809	3 
1810	45 
1811	52 
1812	51 
1813	9 
1814	39 
1815	28 
1816	42 
1817	8 
1818	29 
1819	10 
1820	2 
1821	37 
1822	20 
1823	2 
1824	17 
1825	10 
1826	33 
1827	11 
1828	35 
1829	42 
1830	33 
1831	38 
1832	33 
1833	7 
1834	42 
1835	21 
1836	25 
1837	45 
1838	27 
1839	33 
1840	7 
1841	14 
1842	5 
1843	17 
1844	52 
1845	13 
1846	19 
1847	17 
1848	45 
1849	35 
1850	27 
1851	26 
1852	19 
1853	35 
1854	28 
1855	7 
1856	42 
1857	28 
1858	51 
1859	10 
1860	23 
1861	33 
1862	22 
1863	13 
1864	46 
1865	39 
1866	15 
1867	43 
1868	13 
1869	11 
1870	39 
1871	10 
1872	25 
1873	1 
1874	26 
1875	42 
1876	20 
1877	45 
1878	15 
1879	17 
1880	33 
1881	33 
1882	21 
1883	10 
1884	10 
1885	27 
1886	18 
1887	6 
1888	4 
1889	5 
1890	17 
1891	41 
1892	46 
1893	30 
1894	20 
1895	44 
1896	14 
1897	30 
1898	33 
1899	46 
1900	46 
1901	48 
1902	51 
1903	10 
1904	4 
1905	17 
1906	51 
1907	32 
1908	14 
1909	14 
1910	6 
1911	17 
1912	7 
1913	46 
1914	46 
1915	35 
1916	10 
1917	32 
1918	36 
1919	21 
1920	3 
1921	52 
1922	40 
1923	44 
1924	20 
1925	32 
1926	20 
1927	31 
1928	41 
1929	14 
1930	17 
1931	46 
1932	52 
1933	45 
1934	30 
1935	13 
1936	33 
1937	48 
1938	25 
1939	32 
1940	42 
1941	9 
1942	41 
1943	3 
1944	44 
1945	39 
1946	3 
1947	22 
1948	17 
1949	6 
1950	1 
1951	32 
1952	47 
1953	38 
1954	17 
1955	52 
1956	38 
1957	32 
1958	41 
1959	10 
1960	15 
1961	14 
1962	30 
1963	27 
1964	36 
1965	10 
1966	22 
1967	41 
1968	5 
1969	10 
1970	48 
1971	38 
1972	42 
1973	23 
1974	51 
1975	2 
1976	51 
1977	5 
1978	6 
1979	42 
1980	33 
1981	14 
1982	3 
1983	45 
1984	6 
1985	32 
1986	28 
1987	2 
1988	24 
1989	39 
1990	39 
1991	10 
1992	5 
1993	42 
1994	52 
1995	44 
1996	45 
1997	4 
1998	14 
1999	32 
2000	23 
2001	42 
2002	4 
2003	12 
2004	8 
2005	39 
2006	14 
2007	1 
2008	2 
2009	47 
2010	5 
2011	8 
2012	11 
2013	15 
2014	50 
2015	52 
2016	5 
2017	23 
2018	17 
2019	46 
2020	17 
2021	17 
2022	38 
2023	11 
2024	33 
2025	19 
2026	1 
2027	13 
2028	10 
2029	6 
2030	25 
2031	25 
2032	23 
2033	28 
2034	9 
2035	50 
2036	2 
2037	4 
2038	39 
2039	17 
2040	14 
2041	35 
2042	14 
2043	43 
2044	30 
2045	31 
2046	30 
2047	9 
2048	27 
2049	14 
2050	26 
2051	15 
2052	50 
2053	17 
2054	32 
2055	6 
2056	28 
2057	26 
2058	37 
2059	33 
2060	46 
2061	22 
2062	18 
2063	52 
2064	48 
2065	14 
2066	10 
2067	45 
2068	32 
2069	25 
2070	32 
2071	46 
2072	13 
2073	30 
2074	15 
2075	2 
2076	23 
2077	46 
2078	30 
2079	1 
2080	48 
2081	14 
2082	50 
2083	33 
2084	25 
2085	51 
2086	24 
2087	38 
2088	5 
2089	10 
2090	26 
2091	39 
2092	19 
2093	39 
2094	14 
2095	6 
2096	21 
2097	29 
2098	35 
2099	5 
2100	13 
2101	7 
2102	50 
2103	29 
2104	13 
2105	42 
2106	25 
2107	20 
2108	23 
2109	2 
2110	28 
2111	7 
2112	14 
2113	9 
2114	20 
2115	2 
2116	42 
2117	17 
2118	6 
2119	52 
2120	37 
2121	27 
2122	2 
2123	3 
2124	13 
2125	42 
2126	43 
2127	28 
2128	27 
2129	27 
2130	1 
2131	40 
2132	8 
2133	22 
2134	13 
2135	17 
2136	30 
2137	52 
2138	41 
2139	9 
2140	26 
2141	15 
2142	37 
2143	15 
2144	52 
2145	50 
2146	6 
2147	32 
2148	39 
2149	25 
2150	10 
2151	42 
2152	4 
2153	10 
2154	14 
2155	33 
2156	20 
2157	45 
2158	1 
2159	28 
2160	46 
2161	17 
2162	50 
2163	44 
2164	18 
2165	44 
2166	46 
2167	6 
2168	13 
2169	46 
2170	10 
2171	10 
2172	25 
2173	17 
2174	48 
2175	39 
2176	37 
2177	27 
2178	28 
2179	33 
2180	14 
2181	26 
2182	33 
2183	14 
2184	25 
2185	15 
2186	14 
2187	46 
2188	10 
2189	48 
2190	28 
2191	40 
2192	22 
2193	42 
2194	12 
2195	1 
2196	48 
2197	46 
2198	33 
2199	28 
2200	38 
2201	13 
2202	25 
2203	28 
2204	42 
2205	48 
2206	33 
2207	14 
2208	19 
2209	28 
2210	45 
2211	37 
2212	52 
2213	38 
2214	11 
2215	21 
2216	32 
2217	9 
2218	33 
2219	45 
2220	39 
2221	19 
2222	6 
2223	5 
2224	33 
2225	6 
2226	52 
2227	23 
2228	33 
2229	19 
2230	45 
2231	47 
2232	46 
2233	28 
2234	39 
2235	33 
2236	40 
2237	21 
2238	17 
2239	28 
2240	45 
2241	50 
2242	3 
2243	45 
2244	21 
2245	4 
2246	5 
2247	10 
2248	52 
2249	8 
2250	44 
2251	17 
2252	17 
2253	14 
2254	45 
2255	52 
2256	2 
2257	20 
2258	46 
2259	17 
2260	43 
2261	45 
2262	6 
2263	20 
2264	14 
2265	52 
2266	17 
2267	45 
2268	43 
2269	41 
2270	51 
2271	15 
2272	12 
2273	22 
2274	5 
2275	9 
2276	45 
2277	10 
2278	2 
2279	21 
2280	17 
2281	50 
2282	39 
2283	5 
2284	46 
2285	42 
2286	2 
2287	45 
2288	39 
2289	50 
2290	50 
2291	43 
2292	18 
2293	30 
2294	32 
2295	17 
2296	37 
2297	15 
2298	20 
2299	32 
2300	40 
2301	28 
2302	44 
2303	50 
2304	33 
2305	17 
2306	44 
2307	33 
2308	50 
2309	45 
2310	44 
2311	45 
2312	2 
2313	1 
2314	20 
2315	31 
2316	15 
2317	10 
2318	22 
2319	45 
2320	1 
2321	4 
2322	2 
2323	48 
2324	3 
2325	42 
2326	27 
2327	28 
2328	10 
2329	20 
2330	50 
2331	19 
2332	25 
2333	45 
2334	1 
2335	20 
2336	10 
2337	27 
2338	30 
2339	38 
2340	13 
2341	32 
2342	40 
2343	1 
2344	32 
2345	52 
2346	17 
2347	20 
2348	6 
2349	48 
2350	39 
2351	17 
2352	13 
2353	39 
2354	22 
2355	46 
2356	33 
2357	25 
2358	4 
2359	23 
2360	23 
2361	13 
2362	32 
2363	35 
2364	44 
2365	38 
2366	27 
2367	44 
2368	42 
2369	6 
2370	51 
2371	25 
2372	9 
2373	14 
2374	48 
2375	17 
2376	2 
2377	4 
2378	37 
2379	17 
2380	38 
2381	11 
2382	20 
2383	26 
2384	14 
2385	42 
2386	32 
2387	51 
2388	28 
2389	9 
2390	7 
2391	2 
2392	45 
2393	32 
2394	11 
2395	49 
2396	20 
2397	41 
2398	49 
2399	17 
2400	20 
2401	28 
2402	17 
2403	24 
2404	47 
2405	50 
2406	22 
2407	14 
2408	17 
2409	30 
2410	34 
2411	37 
2412	13 
2413	20 
2414	18 
2415	50 
2416	27 
2417	20 
2418	5 
2419	42 
2420	52 
2421	10 
2422	7 
2423	30 
2424	20 
2425	22 
2426	38 
2427	11 
2428	52 
2429	2 
2430	13 
2431	45 
2432	8 
2433	33 
2434	47 
2435	32 
2436	25 
2437	23 
2438	3 
2439	48 
2440	30 
2441	41 
2442	30 
2443	8 
2444	44 
2445	14 
2446	9 
2447	2 
2448	10 
2449	6 
2450	23 
2451	6 
2452	32 
2453	50 
2454	42 
2455	32 
2456	48 
2457	27 
2458	20 
2459	45 
2460	33 
2461	33 
2462	17 
2463	17 
2464	25 
2465	50 
2466	35 
2467	47 
2468	51 
2469	17 
2470	19 
2471	5 
2472	32 
2473	25 
2474	2 
2475	13 
2476	52 
2477	20 
2478	28 
2479	14 
2480	28 
2481	10 
2482	30 
2483	1 
2484	32 
2485	28 
2486	2 
2487	6 
2488	2 
2489	42 
2490	5 
2491	23 
2492	11 
2493	45 
2494	20 
2495	38 
2496	17 
2497	44 
2498	14 
2499	15 
2500	52 
2501	45 
2502	39 
2503	13 
2504	23 
2505	51 
2506	14 
2507	6 
2508	39 
2509	51 
2510	40 
2511	28 
2512	21 
2513	48 
2514	9 
2515	45 
2516	4 
2517	12 
2518	13 
2519	13 
2520	33 
2521	3 
2522	11 
2523	32 
2524	38 
2525	52 
2526	33 
2527	28 
2528	14 
2529	20 
2530	13 
2531	25 
2532	4 
2533	51 
2534	50 
2535	28 
2536	39 
2537	17 
2538	23 
2539	45 
2540	14 
2541	37 
2542	4 
2543	5 
2544	25 
2545	45 
2546	51 
2547	6 
2548	30 
2549	2 
2550	33 
2551	5 
2552	46 
2553	27 
2554	37 
2555	11 
2556	14 
2557	5 
2558	45 
2559	51 
2560	5 
2561	14 
2562	33 
2563	13 
2564	22 
2565	32 
2566	14 
2567	19 
2568	10 
2569	20 
2570	52 
2571	52 
2572	38 
2573	14 
2574	19 
2575	17 
2576	33 
2577	5 
2578	15 
2579	13 
2580	32 
2581	25 
2582	44 
2583	5 
2584	20 
2585	32 
2586	44 
2587	24 
2588	31 
2589	38 
2590	18 
2591	29 
2592	38 
2593	45 
2594	36 
2595	45 
2596	42 
2597	41 
2598	39 
2599	4 
2600	11 
2601	51 
2602	33 
2603	4 
2604	39 
2605	29 
2606	6 
2607	17 
2608	23 
2609	30 
2610	38 
2611	4 
2612	23 
2613	51 
2614	13 
2615	35 
2616	31 
2617	3 
2618	51 
2619	45 
2620	23 
2621	27 
2622	10 
2623	30 
2624	52 
2625	42 
2626	28 
2627	23 
2628	13 
2629	5 
2630	41 
2631	39 
2632	22 
2633	14 
2634	13 
2635	46 
2636	51 
2637	52 
2638	52 
2639	39 
2640	32 
2641	38 
2642	18 
2643	52 
2644	20 
2645	25 
2646	5 
2647	20 
2648	10 
2649	27 
2650	45 
2651	3 
2652	20 
2653	18 
2654	46 
2655	13 
2656	13 
2657	20 
2658	27 
2659	25 
2660	31 
2661	45 
2662	44 
2663	33 
2664	17 
2665	2 
2666	35 
2667	30 
2668	18 
2669	20 
2670	28 
2671	36 
2672	5 
2673	4 
2674	7 
2675	4 
2676	20 
2677	39 
2678	21 
2679	32 
2680	18 
2681	28 
2682	30 
2683	38 
2684	30 
2685	52 
2686	5 
2687	32 
2688	17 
2689	15 
2690	39 
2691	42 
2692	16 
2693	4 
2694	28 
2695	10 
2696	35 
2697	14 
2698	13 
2699	28 
2700	32 
2701	45 
2702	2 
2703	44 
2704	27 
2705	14 
2706	10 
2707	22 
2708	46 
2709	42 
2710	46 
2711	46 
2712	33 
2713	44 
2714	17 
2715	22 
2716	20 
2717	28 
2718	33 
2719	15 
2720	39 
2721	10 
2722	20 
2723	27 
2724	49 
2725	51 
2726	45 
2727	51 
2728	39 
2729	14 
2730	8 
2731	41 
2732	28 
2733	32 
2734	41 
2735	2 
2736	32 
2737	28 
2738	13 
2739	5 
2740	4 
2741	20 
2742	20 
2743	10 
2744	44 
2745	14 
2746	14 
2747	39 
2748	44 
2749	46 
2750	14 
2751	51 
2752	6 
2753	51 
2754	42 
2755	9 
2756	17 
2757	18 
2758	20 
2759	39 
2760	33 
2761	42 
2762	45 
2763	33 
2764	1 
2765	3 
2766	34 
2767	17 
2768	14 
2769	52 
2770	23 
2771	27 
2772	32 
2773	1 
2774	52 
2775	30 
2776	46 
2777	36 
2778	25 
2779	39 
2780	23 
2781	42 
2782	32 
2783	20 
2784	35 
2785	8 
2786	18 
2787	14 
2788	5 
2789	35 
2790	37 
2791	38 
2792	11 
2793	7 
2794	38 
2795	32 
2796	13 
2797	32 
2798	20 
2799	48 
2800	45 
2801	22 
2802	32 
2803	10 
2804	9 
2805	13 
2806	52 
2807	51 
2808	6 
2809	31 
2810	23 
2811	35 
2812	30 
2813	4 
2814	32 
2815	33 
2816	44 
2817	28 
2818	2 
2819	1 
2820	25 
2821	32 
2822	14 
2823	42 
2824	52 
2825	40 
2826	17 
2827	1 
2828	39 
2829	5 
2830	10 
2831	44 
2832	3 
2833	13 
2834	23 
2835	2 
2836	46 
2837	9 
2838	42 
2839	16 
2840	45 
2841	47 
2842	52 
2843	41 
2844	14 
2845	38 
2846	25 
2847	14 
2848	50 
2849	18 
2850	20 
2851	35 
2852	39 
2853	12 
2854	23 
2855	37 
2856	17 
2857	30 
2858	17 
2859	20 
2860	14 
2861	15 
2862	11 
2863	16 
2864	43 
2865	45 
2866	49 
2867	11 
2868	20 
2869	32 
2870	28 
2871	24 
2872	42 
2873	45 
2874	48 
2875	28 
2876	6 
2877	24 
2878	42 
2879	46 
2880	35 
2881	35 
2882	33 
2883	48 
2884	14 
2885	45 
2886	22 
2887	13 
2888	4 
2889	17 
2890	48 
2891	13 
2892	39 
2893	48 
2894	36 
2895	7 
2896	35 
2897	17 
2898	31 
2899	20 
2900	10 
2901	17 
2902	10 
2903	39 
2904	10 
2905	22 
2906	6 
2907	9 
2908	35 
2909	17 
2910	26 
2911	41 
2912	17 
2913	45 
2914	28 
2915	51 
2916	40 
2917	45 
2918	33 
2919	46 
2920	49 
2921	45 
2922	5 
2923	20 
2924	20 
2925	35 
2926	23 
2927	12 
2928	52 
2929	3 
2930	20 
2931	6 
2932	6 
2933	14 
2934	10 
2935	42 
2936	41 
2937	51 
2938	42 
2939	42 
2940	13 
2941	15 
2942	5 
2943	17 
2944	48 
2945	20 
2946	7 
2947	52 
2948	14 
2949	20 
2950	20 
2951	22 
2952	16 
2953	10 
2954	52 
2955	31 
2956	42 
2957	1 
2958	14 
2959	23 
2960	23 
2961	20 
2962	21 
2963	14 
2964	6 
2965	6 
2966	32 
2967	45 
2968	25 
2969	29 
2970	9 
2971	52 
2972	46 
2973	27 
2974	18 
2975	33 
2976	1 
2977	37 
2978	33 
2979	2 
2980	26 
2981	14 
2982	28 
2983	33 
2984	4 
2985	13 
2986	42 
2987	1 
2988	14 
2989	19 
2990	30 
2991	4 
2992	32 
2993	23 
2994	23 
2995	1 
2996	14 
2997	17 
2998	13 
2999	32 
3000	44 
3001	26 
3002	25 
3003	39 
3004	52 
3005	39 
3006	40 
3007	9 
3008	33 
3009	46 
3010	6 
3011	28 
3012	31 
3013	32 
3014	51 
3015	29 
3016	20 
3017	13 
3018	39 
3019	23 
3020	13 
3021	4 
3022	51 
3023	6 
3024	20 
3025	32 
3026	27 
3027	10 
3028	51 
3029	38 
3030	17 
3031	13 
3032	35 
3033	6 
3034	34 
3035	9 
3036	2 
3037	33 
3038	10 
3039	13 
3040	22 
3041	42 
3042	14 
3043	23 
3044	38 
3045	15 
3046	45 
3047	10 
3048	10 
3049	10 
3050	26 
3051	12 
3052	32 
3053	25 
3054	38 
3055	42 
3056	52 
3057	49 
3058	17 
3059	6 
3060	14 
3061	17 
3062	23 
3063	25 
3064	9 
3065	9 
3066	42 
3067	10 
3068	4 
3069	34 
3070	25 
3071	18 
3072	19 
3073	10 
3074	46 
3075	35 
3076	17 
3077	12 
3078	51 
3079	30 
3080	14 
3081	6 
3082	14 
3083	38 
3084	17 
3085	45 
3086	23 
3087	23 
3088	7 
3089	17 
3090	42 
3091	22 
3092	30 
3093	15 
3094	28 
3095	17 
3096	33 
3097	40 
3098	10 
3099	46 
3100	26 
3101	28 
3102	14 
3103	45 
3104	52 
3105	32 
3106	32 
3107	15 
3108	46 
3109	32 
3110	42 
3111	9 
3112	20 
3113	20 
3114	25 
3115	9 
3116	17 
3117	17 
3118	45 
3119	10 
3120	19 
3121	52 
3122	28 
3123	39 
3124	15 
3125	23 
3126	33 
3127	1 
3128	13 
3129	5 
3130	14 
3131	51 
3132	37 
3133	52 
3134	14 
3135	49 
3136	6 
3137	45 
3138	14 
3139	9 
3140	52 
3141	4 
3142	36 
3143	46 
3144	6 
3145	45 
3146	39 
3147	33 
3148	28 
3149	39 
3150	20 
3151	42 
3152	37 
3153	1 
3154	12 
3155	28 
3156	5 
3157	29 
3158	6 
3159	46 
3160	4 
3161	15 
3162	31 
3163	6 
3164	38 
3165	7 
3166	5 
3167	37 
3168	45 
3169	15 
3170	2 
3171	33 
3172	42 
3173	5 
3174	48 
3175	43 
3176	32 
3177	39 
3178	25 
3179	30 
3180	50 
3181	13 
3182	18 
3183	14 
3184	10 
3185	15 
3186	35 
3187	16 
3188	2 
3189	4 
3190	17 
3191	39 
3192	17 
3193	5 
3194	14 
3195	42 
3196	10 
3197	33 
3198	33 
3199	44 
3200	25 
3201	32 
3202	14 
3203	25 
3204	2 
3205	22 
3206	2 
3207	37 
3208	28 
3209	48 
3210	8 
3211	24 
3212	52 
3213	23 
3214	23 
3215	48 
3216	20 
3217	1 
3218	2 
3219	35 
3220	45 
3221	5 
3222	35 
3223	23 
3224	15 
3225	32 
3226	34 
3227	30 
3228	20 
3229	22 
3230	1 
3231	32 
3232	9 
3233	28 
3234	17 
3235	46 
3236	38 
3237	13 
3238	48 
3239	17 
3240	19 
3241	15 
3242	52 
3243	2 
3244	22 
3245	39 
3246	31 
3247	28 
3248	14 
3249	20 
3250	52 
3251	40 
3252	45 
3253	40 
3254	42 
3255	41 
3256	49 
3257	44 
3258	12 
3259	25 
3260	36 
3261	39 
3262	28 
3263	21 
3264	8 
3265	33 
3266	32 
3267	28 
3268	45 
3269	24 
3270	17 
3271	46 
3272	28 
3273	17 
3274	20 
3275	15 
3276	46 
3277	32 
3278	28 
3279	26 
3280	51 
3281	45 
3282	50 
3283	50 
3284	36 
3285	33 
3286	36 
3287	45 
3288	15 
3289	23 
3290	18 
3291	28 
3292	8 
3293	14 
3294	34 
3295	24 
3296	1 
3297	39 
3298	46 
3299	50 
3300	6 
3301	32 
3302	18 
3303	45 
3304	46 
3305	28 
3306	52 
3307	7 
3308	30 
3309	48 
3310	10 
3311	49 
3312	17 
3313	39 
3314	7 
3315	13 
3316	51 
3317	13 
3318	21 
3319	20 
3320	25 
3321	40 
3322	30 
3323	22 
3324	9 
3325	2 
3326	25 
3327	39 
3328	51 
3329	24 
3330	14 
3331	51 
3332	12 
3333	5 
3334	31 
3335	31 
3336	39 
3337	19 
3338	9 
3339	39 
3340	39 
3341	42 
3342	14 
3343	8 
3344	28 
3345	15 
3346	28 
3347	20 
3348	6 
3349	30 
3350	46 
3351	10 
3352	1 
3353	28 
3354	48 
3355	50 
3356	40 
3357	39 
3358	5 
3359	47 
3360	22 
3361	41 
3362	27 
3363	46 
3364	13 
3365	17 
3366	12 
3367	52 
3368	28 
3369	32 
3370	43 
3371	5 
3372	28 
3373	52 
3374	12 
3375	13 
3376	3 
3377	1 
3378	31 
3379	1 
3380	42 
3381	28 
3382	9 
3383	41 
3384	14 
3385	10 
3386	46 
3387	46 
3388	20 
3389	23 
3390	18 
3391	41 
3392	31 
3393	23 
3394	29 
3395	25 
3396	28 
3397	13 
3398	5 
3399	22 
3400	51 
3401	52 
3402	17 
3403	32 
3404	3 
3405	14 
3406	20 
3407	20 
3408	44 
3409	42 
3410	32 
3411	6 
3412	20 
3413	43 
3414	32 
3415	6 
3416	14 
3417	23 
3418	17 
3419	10 
3420	14 
3421	5 
3422	42 
3423	20 
3424	10 
3425	39 
3426	5 
3427	10 
3428	7 
3429	13 
3430	30 
3431	38 
3432	10 
3433	25 
3434	46 
3435	48 
3436	28 
3437	25 
3438	49 
3439	7 
3440	25 
3441	26 
3442	42 
3443	48 
3444	5 
3445	38 
3446	3 
3447	39 
3448	52 
3449	3 
3450	29 
3451	6 
3452	44 
3453	28 
3454	6 
3455	31 
3456	4 
3457	1 
3458	23 
3459	17 
3460	17 
3461	46 
3462	15 
3463	6 
3464	14 
3465	38 
3466	46 
3467	10 
3468	17 
3469	32 
3470	42 
3471	45 
3472	34 
3473	32 
3474	45 
3475	39 
3476	15 
3477	19 
3478	25 
3479	17 
3480	28 
3481	51 
3482	4 
3483	46 
3484	29 
3485	2 
3486	20 
3487	17 
3488	28 
3489	20 
3490	22 
3491	52 
3492	2 
3493	14 
3494	24 
3495	17 
3496	1 
3497	35 
3498	17 
3499	18 
3500	17 
3501	15 
3502	16 
3503	42 
3504	5 
3505	45 
3506	3 
3507	27 
3508	42 
3509	27 
3510	20 
3511	25 
3512	31 
3513	35 
3514	45 
3515	28 
3516	8 
3517	5 
3518	30 
3519	31 
3520	17 
3521	25 
3522	7 
3523	33 
3524	2 
3525	28 
3526	28 
3527	17 
3528	5 
3529	51 
3530	49 
3531	2 
3532	19 
3533	22 
3534	1 
3535	36 
3536	25 
3537	30 
3538	39 
3539	22 
3540	52 
3541	2 
3542	7 
3543	10 
3544	45 
3545	4 
3546	52 
3547	33 
3548	10 
3549	10 
3550	33 
3551	9 
3552	50 
3553	26 
3554	45 
3555	14 
3556	24 
3557	35 
3558	33 
3559	22 
3560	32 
3561	48 
3562	39 
3563	49 
3564	20 
3565	2 
3566	4 
3567	13 
3568	28 
3569	42 
3570	33 
3571	33 
3572	22 
3573	10 
3574	1 
3575	28 
3576	28 
3577	1 
3578	2 
3579	14 
3580	2 
3581	35 
3582	14 
3583	48 
3584	22 
3585	1 
3586	1 
3587	16 
3588	14 
3589	33 
3590	45 
3591	45 
3592	24 
3593	33 
3594	4 
3595	21 
3596	48 
3597	6 
3598	14 
3599	40 
3600	13 
3601	51 
3602	8 
3603	32 
3604	35 
3605	1 
3606	17 
3607	14 
3608	14 
3609	33 
3610	3 
3611	48 
3612	2 
3613	20 
3614	13 
3615	30 
3616	10 
3617	28 
3618	25 
3619	41 
3620	22 
3621	25 
3622	34 
3623	2 
3624	26 
3625	46 
3626	19 
3627	39 
3628	20 
3629	28 
3630	38 
3631	41 
3632	17 
3633	13 
3634	41 
3635	13 
3636	52 
3637	17 
3638	22 
3639	5 
3640	48 
3641	12 
3642	5 
3643	36 
3644	48 
3645	51 
3646	14 
3647	20 
3648	24 
3649	2 
3650	43 
3651	45 
3652	46 
3653	22 
3654	14 
3655	9 
3656	17 
3657	17 
3658	46 
3659	1 
3660	45 
3661	13 
3662	10 
3663	45 
3664	50 
3665	10 
3666	2 
3667	10 
3668	10 
3669	7 
3670	46 
3671	15 
3672	22 
3673	48 
3674	30 
3675	20 
3676	25 
3677	32 
3678	2 
3679	40 
3680	23 
3681	35 
3682	17 
3683	45 
3684	38 
3685	34 
3686	14 
3687	26 
3688	20 
3689	51 
3690	10 
3691	51 
3692	14 
3693	27 
3694	12 
3695	23 
3696	20 
3697	14 
3698	40 
3699	18 
3700	30 
3701	48 
3702	13 
3703	3 
3704	41 
3705	10 
3706	10 
3707	32 
3708	52 
3709	45 
3710	46 
3711	10 
3712	10 
3713	31 
3714	4 
3715	52 
3716	4 
3717	36 
3718	22 
3719	10 
3720	22 
3721	44 
3722	14 
3723	37 
3724	50 
3725	17 
3726	39 
3727	35 
3728	1 
3729	32 
3730	13 
3731	20 
3732	52 
3733	52 
3734	23 
3735	44 
3736	2 
3737	13 
3738	22 
3739	39 
3740	6 
3741	23 
3742	9 
3743	6 
3744	32 
3745	20 
3746	51 
3747	6 
3748	1 
3749	38 
3750	36 
3751	15 
3752	7 
3753	45 
3754	15 
3755	31 
3756	3 
3757	42 
3758	20 
3759	23 
3760	5 
3761	48 
3762	10 
3763	45 
3764	10 
3765	49 
3766	5 
3767	44 
3768	51 
3769	45 
3770	52 
3771	10 
3772	27 
3773	5 
3774	20 
3775	28 
3776	22 
3777	13 
3778	5 
3779	12 
3780	26 
3781	15 
3782	10 
3783	14 
3784	17 
3785	12 
3786	10 
3787	4 
3788	17 
3789	10 
3790	10 
3791	10 
3792	15 
3793	36 
3794	5 
3795	1 
3796	33 
3797	48 
3798	30 
3799	52 
3800	14 
3801	48 
3802	48 
3803	32 
3804	49 
3805	43 
3806	10 
3807	20 
3808	16 
3809	50 
3810	40 
3811	17 
3812	40 
3813	30 
3814	48 
3815	1 
3816	1 
3817	33 
3818	52 
3819	14 
3820	33 
3821	45 
3822	5 
3823	44 
3824	33 
3825	17 
3826	31 
3827	10 
3828	10 
3829	31 
3830	45 
3831	23 
3832	38 
3833	11 
3834	37 
3835	52 
3836	45 
3837	46 
3838	13 
3839	47 
3840	3 
3841	10 
3842	4 
3843	11 
3844	5 
3845	37 
3846	25 
3847	19 
3848	26 
3849	33 
3850	11 
3851	4 
3852	38 
3853	1 
3854	34 
3855	42 
3856	52 
3857	10 
3858	33 
3859	10 
3860	23 
3861	10 
3862	31 
3863	33 
3864	14 
3865	1 
3866	45 
3867	25 
3868	45 
3869	26 
3870	13 
3871	33 
3872	28 
3873	2 
3874	17 
3875	15 
3876	45 
3877	5 
3878	28 
3879	50 
3880	6 
3881	46 
3882	49 
3883	43 
3884	10 
3885	4 
3886	13 
3887	42 
3888	47 
3889	10 
3890	45 
3891	43 
3892	30 
3893	17 
3894	22 
3895	51 
3896	51 
3897	14 
3898	3 
3899	1 
3900	28 
3901	17 
3902	16 
3903	37 
3904	28 
3905	35 
3906	28 
3907	38 
3908	18 
3909	33 
3910	50 
3911	46 
3912	22 
3913	30 
3914	45 
3915	43 
3916	46 
3917	39 
3918	32 
3919	15 
3920	32 
3921	20 
3922	20 
3923	14 
3924	50 
3925	23 
3926	39 
3927	44 
3928	28 
3929	31 
3930	28 
3931	23 
3932	1 
3933	39 
3934	2 
3935	4 
3936	13 
3937	38 
3938	13 
3939	46 
3940	10 
3941	32 
3942	22 
3943	17 
3944	4 
3945	39 
3946	14 
3947	40 
3948	36 
3949	32 
3950	51 
3951	30 
3952	2 
3953	35 
3954	38 
3955	41 
3956	9 
3957	26 
3958	20 
3959	47 
3960	45 
3961	32 
3962	10 
3963	45 
3964	5 
3965	26 
3966	14 
3967	35 
3968	15 
3969	30 
3970	10 
3971	10 
3972	13 
3973	52 
3974	2 
3975	12 
3976	17 
3977	46 
3978	20 
3979	5 
3980	15 
3981	33 
3982	45 
3983	45 
3984	38 
3985	46 
3986	9 
3987	15 
3988	47 
3989	35 
3990	45 
3991	2 
3992	10 
3993	45 
3994	33 
3995	40 
3996	1 
3997	28 
3998	16 
3999	17 
4000	10 
4001	4 
4002	20 
4003	22 
4004	39 
4005	32 
4006	49 
4007	33 
4008	15 
4009	32 
4010	13 
4011	10 
4012	1 
4013	26 
4014	52 
4015	39 
4016	39 
4017	10 
4018	16 
4019	20 
4020	14 
4021	28 
4022	13 
4023	32 
4024	22 
4025	46 
4026	20 
4027	6 
4028	20 
4029	10 
4030	35 
4031	2 
4032	48 
4033	5 
4034	1 
4035	41 
4036	20 
4037	51 
4038	46 
4039	51 
4040	47 
4041	20 
4042	51 
4043	23 
4044	20 
4045	13 
4046	3 
4047	17 
4048	52 
4049	51 
4050	42 
4051	22 
4052	39 
4053	23 
4054	51 
4055	39 
4056	22 
4057	51 
4058	42 
4059	4 
4060	17 
4061	10 
4062	42 
4063	42 
4064	9 
4065	5 
4066	26 
4067	39 
4068	48 
4069	4 
4070	20 
4071	33 
4072	33 
4073	48 
4074	51 
4075	38 
4076	10 
4077	7 
4078	30 
4079	1 
4080	51 
4081	39 
4082	2 
4083	30 
4084	35 
4085	14 
4086	32 
4087	23 
4088	30 
4089	17 
4090	51 
4091	23 
4092	3 
4093	17 
4094	30 
4095	48 
4096	9 
4097	10 
4098	52 
4099	17 
4100	42 
4101	17 
4102	5 
4103	52 
4104	48 
4105	17 
4106	42 
4107	39 
4108	46 
4109	46 
4110	45 
4111	35 
4112	20 
4113	5 
4114	3 
4115	7 
4116	13 
4117	7 
4118	22 
4119	17 
4120	28 
4121	5 
4122	17 
4123	2 
4124	10 
4125	30 
4126	5 
4127	33 
4128	29 
4129	44 
4130	22 
4131	25 
4132	10 
4133	31 
4134	1 
4135	11 
4136	20 
4137	27 
4138	35 
4139	30 
4140	9 
4141	45 
4142	51 
4143	27 
4144	14 
4145	28 
4146	52 
4147	35 
4148	4 
4149	8 
4150	52 
4151	10 
4152	51 
4153	28 
4154	32 
4155	5 
4156	39 
4157	22 
4158	8 
4159	51 
4160	27 
4161	48 
4162	27 
4163	10 
4164	28 
4165	28 
4166	39 
4167	38 
4168	6 
4169	17 
4170	13 
4171	51 
4172	6 
4173	25 
4174	31 
4175	35 
4176	32 
4177	43 
4178	9 
4179	13 
4180	41 
4181	15 
4182	51 
4183	20 
4184	35 
4185	33 
4186	8 
4187	20 
4188	36 
4189	10 
4190	1 
4191	35 
4192	46 
4193	27 
4194	42 
4195	25 
4196	13 
4197	14 
4198	45 
4199	13 
4200	48 
4201	22 
4202	22 
4203	31 
4204	45 
4205	17 
4206	25 
4207	10 
4208	14 
4209	44 
4210	10 
4211	23 
4212	11 
4213	25 
4214	31 
4215	52 
4216	31 
4217	25 
4218	29 
4219	15 
4220	39 
4221	8 
4222	30 
4223	16 
4224	42 
4225	9 
4226	25 
4227	13 
4228	37 
4229	31 
4230	39 
4231	17 
4232	24 
4233	1 
4234	9 
4235	46 
4236	32 
4237	28 
4238	52 
4239	35 
4240	45 
4241	14 
4242	1 
4243	23 
4244	6 
4245	45 
4246	26 
4247	5 
4248	39 
4249	32 
4250	40 
4251	32 
4252	6 
4253	15 
4254	31 
4255	52 
4256	32 
4257	33 
4258	14 
4259	51 
4260	44 
4261	13 
4262	20 
4263	45 
4264	2 
4265	28 
4266	1 
4267	10 
4268	7 
4269	13 
4270	52 
4271	1 
4272	11 
4273	27 
4274	13 
4275	11 
4276	46 
4277	13 
4278	46 
4279	17 
4280	46 
4281	41 
4282	1 
4283	5 
4284	32 
4285	8 
4286	1 
4287	25 
4288	22 
4289	28 
4290	32 
4291	32 
4292	25 
4293	46 
4294	17 
4295	17 
4296	42 
4297	17 
4298	1 
4299	30 
4300	22 
4301	10 
4302	29 
4303	28 
4304	3 
4305	4 
4306	51 
4307	19 
4308	52 
4309	46 
4310	11 
4311	25 
4312	11 
4313	39 
4314	20 
4315	51 
4316	14 
4317	32 
4318	43 
4319	2 
4320	25 
4321	14 
4322	46 
4323	19 
4324	15 
4325	41 
4326	47 
4327	17 
4328	14 
4329	39 
4330	32 
4331	5 
4332	28 
4333	20 
4334	28 
4335	39 
4336	17 
4337	23 
4338	23 
4339	5 
4340	28 
4341	41 
4342	34 
4343	39 
4344	6 
4345	52 
4346	19 
4347	31 
4348	35 
4349	45 
4350	25 
4351	23 
4352	17 
4353	45 
4354	32 
4355	49 
4356	27 
4357	46 
4358	31 
4359	5 
4360	13 
4361	15 
4362	49 
4363	20 
4364	15 
4365	16 
4366	50 
4367	17 
4368	26 
4369	41 
4370	28 
4371	49 
4372	41 
4373	38 
4374	46 
4375	6 
4376	49 
4377	39 
4378	12 
4379	35 
4380	46 
4381	26 
4382	30 
4383	14 
4384	14 
4385	20 
4386	42 
4387	40 
4388	28 
4389	32 
4390	51 
4391	5 
4392	46 
4393	28 
4394	15 
4395	18 
4396	10 
4397	14 
4398	51 
4399	39 
4400	19 
4401	9 
4402	20 
4403	28 
4404	20 
4405	1 
4406	32 
4407	27 
4408	30 
4409	51 
4410	38 
4411	4 
4412	46 
4413	32 
4414	40 
4415	17 
4416	28 
4417	52 
4418	44 
4419	19 
4420	14 
4421	46 
4422	45 
4423	31 
4424	46 
4425	10 
4426	15 
4427	32 
4428	4 
4429	45 
4430	28 
4431	39 
4432	48 
4433	42 
4434	33 
4435	3 
4436	41 
4437	46 
4438	23 
4439	45 
4440	42 
4441	46 
4442	22 
4443	48 
4444	29 
4445	45 
4446	28 
4447	4 
4448	51 
4449	27 
4450	44 
4451	32 
4452	17 
4453	26 
4454	17 
4455	50 
4456	20 
4457	47 
4458	33 
4459	20 
4460	5 
4461	18 
4462	4 
4463	39 
4464	24 
4465	27 
4466	15 
4467	22 
4468	38 
4469	20 
4470	14 
4471	41 
4472	10 
4473	23 
4474	30 
4475	17 
4476	13 
4477	15 
4478	10 
4479	20 
4480	14 
4481	14 
4482	13 
4483	13 
4484	17 
4485	32 
4486	30 
4487	31 
4488	20 
4489	51 
4490	42 
4491	9 
4492	36 
4493	29 
4494	6 
4495	5 
4496	39 
4497	6 
4498	33 
4499	17 
4500	35 
4501	4 
4502	31 
4503	33 
4504	17 
4505	5 
4506	1 
4507	37 
4508	2 
4509	44 
4510	43 
4511	38 
4512	17 
4513	42 
4514	17 
4515	11 
4516	32 
4517	41 
4518	33 
4519	10 
4520	39 
4521	35 
4522	9 
4523	46 
4524	51 
4525	46 
4526	13 
4527	35 
4528	20 
4529	7 
4530	30 
4531	45 
4532	48 
4533	39 
4534	6 
4535	38 
4536	30 
4537	40 
4538	11 
4539	35 
4540	52 
4541	41 
4542	48 
4543	32 
4544	5 
4545	15 
4546	52 
4547	4 
4548	17 
4549	11 
4550	40 
4551	5 
4552	42 
4553	27 
4554	9 
4555	44 
4556	23 
4557	10 
4558	28 
4559	27 
4560	28 
4561	52 
4562	17 
4563	35 
4564	22 
4565	5 
4566	52 
4567	1 
4568	32 
4569	17 
4570	39 
4571	28 
4572	3 
4573	45 
4574	32 
4575	23 
4576	45 
4577	17 
4578	26 
4579	42 
4580	29 
4581	13 
4582	29 
4583	6 
4584	33 
4585	32 
4586	14 
4587	39 
4588	42 
4589	33 
4590	20 
4591	45 
4592	10 
4593	2 
4594	28 
4595	15 
4596	39 
4597	14 
4598	30 
4599	2 
4600	32 
4601	41 
4602	14 
4603	42 
4604	35 
4605	4 
4606	33 
4607	13 
4608	32 
4609	32 
4610	5 
4611	50 
4612	31 
4613	35 
4614	28 
4615	1 
4616	1 
4617	20 
4618	1 
4619	6 
4620	38 
4621	22 
4622	5 
4623	10 
4624	45 
4625	15 
4626	51 
4627	15 
4628	45 
4629	20 
4630	33 
4631	26 
4632	45 
4633	31 
4634	14 
4635	46 
4636	9 
4637	42 
4638	44 
4639	14 
4640	35 
4641	35 
4642	41 
4643	45 
4644	30 
4645	5 
4646	25 
4647	7 
4648	4 
4649	23 
4650	37 
4651	17 
4652	17 
4653	6 
4654	42 
4655	32 
4656	33 
4657	28 
4658	49 
4659	41 
4660	23 
4661	10 
4662	52 
4663	4 
4664	47 
4665	51 
4666	39 
4667	22 
4668	45 
4669	46 
4670	14 
4671	45 
4672	35 
4673	23 
4674	41 
4675	20 
4676	13 
4677	13 
4678	15 
4679	42 
4680	46 
4681	8 
4682	17 
4683	45 
4684	28 
4685	22 
4686	32 
4687	30 
4688	32 
4689	23 
4690	9 
4691	41 
4692	23 
4693	13 
4694	32 
4695	33 
4696	51 
4697	42 
4698	28 
4699	42 
4700	48 
4701	39 
4702	14 
4703	4 
4704	33 
4705	32 
4706	23 
4707	32 
4708	32 
4709	10 
4710	29 
4711	39 
4712	10 
4713	42 
4714	10 
4715	42 
4716	36 
4717	51 
4718	6 
4719	45 
4720	42 
4721	28 
4722	14 
4723	9 
4724	45 
4725	17 
4726	20 
4727	41 
4728	51 
4729	28 
4730	3 
4731	14 
4732	20 
4733	14 
4734	52 
4735	23 
4736	47 
4737	23 
4738	44 
4739	10 
4740	20 
4741	13 
4742	30 
4743	45 
4744	46 
4745	51 
4746	27 
4747	44 
4748	22 
4749	27 
4750	33 
4751	44 
4752	42 
4753	10 
4754	21 
4755	23 
4756	37 
4757	38 
4758	39 
4759	6 
4760	51 
4761	18 
4762	37 
4763	7 
4764	46 
4765	7 
4766	20 
4767	23 
4768	4 
4769	15 
4770	46 
4771	35 
4772	52 
4773	10 
4774	45 
4775	10 
4776	10 
4777	22 
4778	52 
4779	52 
4780	17 
4781	32 
4782	44 
4783	42 
4784	38 
4785	52 
4786	39 
4787	1 
4788	14 
4789	22 
4790	50 
4791	45 
4792	23 
4793	32 
4794	33 
4795	3 
4796	16 
4797	39 
4798	3 
4799	31 
4800	5 
4801	9 
4802	14 
4803	33 
4804	6 
4805	44 
4806	14 
4807	28 
4808	16 
4809	22 
4810	17 
4811	39 
4812	20 
4813	17 
4814	32 
4815	20 
4816	17 
4817	44 
4818	23 
4819	2 
4820	10 
4821	42 
4822	2 
4823	10 
4824	38 
4825	10 
4826	43 
4827	6 
4828	48 
4829	24 
4830	10 
4831	4 
4832	41 
4833	17 
4834	41 
4835	42 
4836	10 
4837	19 
4838	44 
4839	25 
4840	31 
4841	50 
4842	37 
4843	31 
4844	34 
4845	14 
4846	41 
4847	51 
4848	1 
4849	7 
4850	10 
4851	37 
4852	23 
4853	45 
4854	5 
4855	17 
4856	32 
4857	26 
4858	42 
4859	1 
4860	40 
4861	52 
4862	9 
4863	32 
4864	2 
4865	50 
4866	38 
4867	17 
4868	33 
4869	9 
4870	49 
4871	33 
4872	8 
4873	17 
4874	33 
4875	41 
4876	29 
4877	38 
4878	28 
4879	39 
4880	50 
4881	4 
4882	52 
4883	13 
4884	9 
4885	6 
4886	51 
4887	45 
4888	2 
4889	28 
4890	42 
4891	2 
4892	20 
4893	2 
4894	39 
4895	23 
4896	6 
4897	45 
4898	51 
4899	51 
4900	46 
4901	28 
4902	24 
4903	19 
4904	33 
4905	44 
4906	10 
4907	33 
4908	42 
4909	4 
4910	45 
4911	36 
4912	39 
4913	10 
4914	42 
4915	32 
4916	14 
4917	37 
4918	13 
4919	30 
4920	28 
4921	32 
4922	45 
4923	44 
4924	18 
4925	46 
4926	5 
4927	39 
4928	52 
4929	33 
4930	33 
4931	14 
4932	18 
4933	28 
4934	5 
4935	33 
4936	22 
4937	10 
4938	44 
4939	1 
4940	39 
4941	51 
4942	2 
4943	28 
4944	30 
4945	17 
4946	28 
4947	37 
4948	17 
4949	33 
4950	25 
4951	30 
4952	24 
4953	10 
4954	10 
4955	29 
4956	1 
4957	28 
4958	16 
4959	17 
4960	35 
4961	42 
4962	16 
4963	32 
4964	24 
4965	28 
4966	45 
4967	17 
4968	25 
4969	30 
4970	42 
4971	17 
4972	38 
4973	13 
4974	33 
4975	39 
4976	45 
4977	30 
4978	17 
4979	17 
4980	1 
4981	20 
4982	10 
4983	39 
4984	6 
4985	26 
4986	12 
4987	1 
4988	39 
4989	23 
4990	18 
4991	19 
4992	17 
4993	33 
4994	41 
4995	17 
4996	33 
4997	38 
4998	18 
4999	8 
5000	25 
5001	31 
5002	20 
5003	46 
5004	32 
5005	28 
5006	11 
5007	14 
5008	1 
5009	37 
5010	10 
5011	8 
5012	28 
5013	46 
5014	49 
5015	37 
5016	2 
5017	45 
5018	17 
5019	52 
5020	39 
5021	13 
5022	1 
5023	37 
5024	32 
5025	10 
5026	1 
5027	8 
5028	39 
5029	3 
5030	25 
5031	49 
5032	39 
5033	28 
5034	10 
5035	22 
5036	39 
5037	39 
5038	30 
5039	32 
5040	9 
5041	7 
5042	17 
5043	28 
5044	27 
5045	23 
5046	52 
5047	5 
5048	39 
5049	28 
5050	2 
5051	44 
5052	41 
5053	38 
5054	7 
5055	35 
5056	10 
5057	45 
5058	17 
5059	52 
5060	17 
5061	10 
5062	32 
5063	31 
5064	52 
5065	10 
5066	11 
5067	17 
5068	23 
5069	25 
5070	25 
5071	31 
5072	20 
5073	10 
5074	10 
5075	14 
5076	5 
5077	2 
5078	10 
5079	10 
5080	22 
5081	33 
5082	46 
5083	32 
5084	33 
5085	38 
5086	37 
5087	45 
5088	10 
5089	38 
5090	17 
5091	46 
5092	27 
5093	30 
5094	28 
5095	36 
5096	48 
5097	10 
5098	31 
5099	20 
5100	46 
5101	27 
5102	42 
5103	38 
5104	17 
5105	45 
5106	5 
5107	20 
5108	17 
5109	5 
5110	25 
5111	52 
5112	46 
5113	28 
5114	32 
5115	16 
5116	5 
5117	51 
5118	33 
5119	15 
5120	45 
5121	3 
5122	22 
5123	52 
5124	13 
5125	11 
5126	22 
5127	5 
5128	44 
5129	41 
5130	46 
5131	32 
5132	51 
5133	7 
5134	51 
5135	10 
5136	44 
5137	5 
5138	39 
5139	28 
5140	46 
5141	14 
5142	1 
5143	34 
5144	25 
5145	48 
5146	33 
5147	19 
5148	18 
5149	5 
5150	52 
5151	14 
5152	33 
5153	47 
5154	14 
5155	49 
5156	42 
5157	52 
5158	23 
5159	32 
5160	2 
5161	8 
5162	44 
5163	7 
5164	6 
5165	28 
5166	46 
5167	33 
5168	20 
5169	22 
5170	51 
5171	6 
5172	52 
5173	6 
5174	24 
5175	13 
5176	23 
5177	30 
5178	11 
5179	23 
5180	48 
5181	46 
5182	2 
5183	4 
5184	51 
5185	44 
5186	17 
5187	32 
5188	45 
5189	46 
5190	41 
5191	24 
5192	49 
5193	45 
5194	38 
5195	32 
5196	52 
5197	20 
5198	6 
5199	17 
5200	27 
5201	35 
5202	2 
5203	51 
5204	1 
5205	46 
5206	17 
5207	36 
5208	36 
5209	36 
5210	14 
5211	3 
5212	42 
5213	28 
5214	23 
5215	40 
5216	1 
5217	35 
5218	49 
5219	28 
5220	33 
5221	28 
5222	32 
5223	10 
5224	8 
5225	6 
5226	51 
5227	17 
5228	38 
5229	37 
5230	24 
5231	51 
5232	52 
5233	31 
5234	13 
5235	10 
5236	6 
5237	52 
5238	31 
5239	17 
5240	28 
5241	20 
5242	38 
5243	46 
5244	5 
5245	35 
5246	48 
5247	30 
5248	39 
5249	45 
5250	28 
5251	39 
5252	33 
5253	10 
5254	20 
5255	45 
5256	10 
5257	41 
5258	20 
5259	10 
5260	22 
5261	43 
5262	18 
5263	20 
5264	13 
5265	13 
5266	39 
5267	37 
5268	45 
5269	33 
5270	35 
5271	5 
5272	4 
5273	32 
5274	10 
5275	51 
5276	17 
5277	33 
5278	4 
5279	32 
5280	26 
5281	28 
5282	41 
5283	40 
5284	39 
5285	3 
5286	7 
5287	10 
5288	52 
5289	33 
5290	6 
5291	31 
5292	17 
5293	17 
5294	20 
5295	23 
5296	51 
5297	35 
5298	11 
5299	17 
5300	51 
5301	42 
5302	16 
5303	6 
5304	14 
5305	18 
5306	23 
5307	52 
5308	13 
5309	39 
5310	38 
5311	38 
5312	11 
5313	14 
5314	19 
5315	51 
5316	19 
5317	25 
5318	32 
5319	32 
5320	45 
5321	35 
5322	14 
5323	23 
5324	13 
5325	50 
5326	41 
5327	46 
5328	50 
5329	17 
5330	20 
5331	18 
5332	42 
5333	14 
5334	14 
5335	17 
5336	44 
5337	45 
5338	1 
5339	42 
5340	41 
5341	4 
5342	22 
5343	23 
5344	25 
5345	39 
5346	43 
5347	27 
5348	8 
5349	51 
5350	13 
5351	13 
5352	1 
5353	3 
5354	9 
5355	37 
5356	13 
5357	4 
5358	27 
5359	25 
5360	3 
5361	17 
5362	8 
5363	17 
5364	20 
5365	50 
5366	23 
5367	52 
5368	17 
5369	28 
5370	5 
5371	16 
5372	12 
5373	14 
5374	33 
5375	43 
5376	28 
5377	28 
5378	31 
5379	51 
5380	17 
5381	14 
5382	52 
5383	22 
5384	30 
5385	10 
5386	46 
5387	51 
5388	13 
5389	4 
5390	44 
5391	46 
5392	4 
5393	48 
5394	13 
5395	1 
5396	46 
5397	32 
5398	51 
5399	10 
5400	23 
5401	14 
5402	26 
5403	48 
5404	52 
5405	6 
5406	38 
5407	10 
5408	27 
5409	4 
5410	6 
5411	6 
5412	51 
5413	33 
5414	6 
5415	28 
5416	39 
5417	39 
5418	14 
5419	41 
5420	17 
5421	14 
5422	14 
5423	2 
5424	28 
5425	45 
5426	42 
5427	19 
5428	35 
5429	51 
5430	22 
5431	13 
5432	51 
5433	29 
5434	46 
5435	20 
5436	52 
5437	17 
5438	6 
5439	17 
5440	14 
5441	33 
5442	50 
5443	50 
5444	42 
5445	20 
5446	39 
5447	13 
5448	20 
5449	6 
5450	45 
5451	12 
5452	49 
5453	42 
5454	33 
5455	3 
5456	23 
5457	10 
5458	49 
5459	45 
5460	26 
5461	45 
5462	15 
5463	15 
5464	35 
5465	17 
5466	36 
5467	42 
5468	5 
5469	25 
5470	22 
5471	17 
5472	45 
5473	33 
5474	52 
5475	6 
5476	4 
5477	44 
5478	50 
5479	31 
5480	30 
5481	5 
5482	37 
5483	25 
5484	8 
5485	20 
5486	47 
5487	13 
5488	20 
5489	32 
5490	27 
5491	22 
5492	2 
5493	23 
5494	1 
5495	9 
5496	52 
5497	25 
5498	1 
5499	23 
5500	30 
5501	27 
5502	28 
5503	5 
5504	1 
5505	30 
5506	5 
5507	33 
5508	28 
5509	28 
5510	39 
5511	28 
5512	13 
5513	27 
5514	39 
5515	38 
5516	13 
5517	20 
5518	52 
5519	10 
5520	35 
5521	28 
5522	29 
5523	14 
5524	32 
5525	52 
5526	45 
5527	33 
5528	39 
5529	10 
5530	45 
5531	40 
5532	32 
5533	42 
5534	5 
5535	46 
5536	44 
5537	37 
5538	44 
5539	10 
5540	30 
5541	47 
5542	17 
5543	45 
5544	25 
5545	14 
5546	23 
5547	10 
5548	14 
5549	39 
5550	18 
5551	52 
5552	16 
5553	46 
5554	48 
5555	44 
5556	38 
5557	17 
5558	22 
5559	44 
5560	32 
5561	20 
5562	33 
5563	17 
5564	38 
5565	10 
5566	17 
5567	39 
5568	13 
5569	14 
5570	20 
5571	17 
5572	49 
5573	24 
5574	9 
5575	19 
5576	48 
5577	5 
5578	5 
5579	27 
5580	48 
5581	32 
5582	38 
5583	28 
5584	30 
5585	4 
5586	42 
5587	44 
5588	4 
5589	34 
5590	17 
5591	13 
5592	16 
5593	6 
5594	4 
5595	17 
5596	14 
5597	11 
5598	51 
5599	46 
5600	51 
5601	48 
5602	10 
5603	37 
5604	27 
5605	17 
5606	31 
5607	20 
5608	47 
5609	45 
5610	20 
5611	1 
5612	47 
5613	32 
5614	50 
5615	32 
5616	17 
5617	45 
5618	51 
5619	35 
5620	13 
5621	37 
5622	13 
5623	10 
5624	1 
5625	32 
5626	28 
5627	14 
5628	44 
5629	27 
5630	22 
5631	17 
5632	28 
5633	41 
5634	51 
5635	51 
5636	28 
5637	17 
5638	33 
5639	51 
5640	41 
5641	17 
5642	2 
5643	1 
5644	17 
5645	1 
5646	30 
5647	46 
5648	19 
5649	52 
5650	32 
5651	45 
5652	22 
5653	48 
5654	41 
5655	22 
5656	26 
5657	22 
5658	6 
5659	39 
5660	51 
5661	49 
5662	44 
5663	20 
5664	6 
5665	17 
5666	28 
5667	12 
5668	17 
5669	28 
5670	25 
5671	48 
5672	30 
5673	51 
5674	39 
5675	45 
5676	30 
5677	2 
5678	23 
5679	25 
5680	14 
5681	16 
5682	52 
5683	8 
5684	34 
5685	31 
5686	17 
5687	16 
5688	52 
5689	50 
5690	44 
5691	32 
5692	39 
5693	25 
5694	52 
5695	21 
5696	46 
5697	5 
5698	17 
5699	35 
5700	1 
5701	1 
5702	31 
5703	11 
5704	3 
5705	27 
5706	14 
5707	17 
5708	17 
5709	25 
5710	46 
5711	4 
5712	6 
5713	8 
5714	6 
5715	52 
5716	20 
5717	5 
5718	45 
5719	19 
5720	15 
5721	30 
5722	4 
5723	14 
5724	6 
5725	6 
5726	22 
5727	42 
5728	28 
5729	32 
5730	8 
5731	27 
5732	35 
5733	9 
5734	38 
5735	51 
5736	42 
5737	13 
5738	18 
5739	17 
5740	52 
5741	14 
5742	1 
5743	17 
5744	52 
5745	31 
5746	31 
5747	10 
5748	4 
5749	18 
5750	34 
5751	15 
5752	50 
5753	33 
5754	12 
5755	6 
5756	24 
5757	33 
5758	44 
5759	9 
5760	48 
5761	40 
5762	6 
5763	1 
5764	21 
5765	44 
5766	39 
5767	27 
5768	28 
5769	32 
5770	4 
5771	32 
5772	6 
5773	36 
5774	32 
5775	24 
5776	6 
5777	41 
5778	41 
5779	42 
5780	32 
5781	13 
5782	14 
5783	41 
5784	49 
5785	7 
5786	25 
5787	10 
5788	28 
5789	51 
5790	17 
5791	42 
5792	2 
5793	9 
5794	14 
5795	36 
5796	48 
5797	28 
5798	2 
5799	23 
5800	48 
5801	25 
5802	14 
5803	40 
5804	2 
5805	8 
5806	52 
5807	34 
5808	19 
5809	52 
5810	20 
5811	42 
5812	23 
5813	45 
5814	48 
5815	42 
5816	14 
5817	14 
5818	29 
5819	44 
5820	45 
5821	38 
5822	10 
5823	48 
5824	49 
5825	18 
5826	31 
5827	25 
5828	41 
5829	16 
5830	14 
5831	40 
5832	17 
5833	14 
5834	27 
5835	1 
5836	39 
5837	45 
5838	6 
5839	16 
5840	9 
5841	35 
5842	45 
5843	28 
5844	44 
5845	46 
5846	17 
5847	17 
5848	15 
5849	40 
5850	23 
5851	45 
5852	40 
5853	9 
5854	17 
5855	22 
5856	26 
5857	52 
5858	10 
5859	46 
5860	37 
5861	28 
5862	46 
5863	5 
5864	31 
5865	39 
5866	17 
5867	10 
5868	22 
5869	29 
5870	23 
5871	14 
5872	9 
5873	40 
5874	33 
5875	22 
5876	26 
5877	1 
5878	51 
5879	33 
5880	52 
5881	22 
5882	13 
5883	46 
5884	10 
5885	29 
5886	51 
5887	18 
5888	36 
5889	20 
5890	18 
5891	43 
5892	6 
5893	44 
5894	8 
5895	45 
5896	8 
5897	1 
5898	28 
5899	13 
5900	5 
5901	13 
5902	20 
5903	45 
5904	10 
5905	28 
5906	27 
5907	52 
5908	33 
5909	5 
5910	26 
5911	32 
5912	39 
5913	19 
5914	45 
5915	30 
5916	12 
5917	10 
5918	20 
5919	25 
5920	17 
5921	14 
5922	48 
5923	7 
5924	8 
5925	6 
5926	28 
5927	5 
5928	10 
5929	52 
5930	23 
5931	17 
5932	23 
5933	14 
5934	10 
5935	6 
5936	2 
5937	32 
5938	39 
5939	45 
5940	50 
5941	48 
5942	32 
5943	1 
5944	33 
5945	9 
5946	30 
5947	4 
5948	10 
5949	6 
5950	51 
5951	16 
5952	7 
5953	15 
5954	9 
5955	35 
5956	6 
5957	14 
5958	4 
5959	20 
5960	33 
5961	5 
5962	42 
5963	17 
5964	10 
5965	7 
5966	25 
5967	3 
5968	28 
5969	25 
5970	45 
5971	45 
5972	52 
5973	17 
5974	37 
5975	33 
5976	38 
5977	13 
5978	46 
5979	41 
5980	23 
5981	9 
5982	18 
5983	45 
5984	45 
5985	50 
5986	42 
5987	41 
5988	37 
5989	45 
5990	1 
5991	42 
5992	50 
5993	22 
5994	47 
5995	51 
5996	17 
5997	8 
5998	10 
5999	9 
6000	39 
6001	49 
6002	50 
6003	17 
6004	32 
6005	51 
6006	46 
6007	35 
6008	22 
6009	23 
6010	14 
6011	3 
6012	31 
6013	20 
6014	46 
6015	21 
6016	46 
6017	25 
6018	13 
6019	1 
6020	32 
6021	46 
6022	24 
6023	45 
6024	10 
6025	45 
6026	4 
6027	45 
6028	45 
6029	8 
6030	42 
6031	38 
6032	33 
6033	6 
6034	7 
6035	13 
6036	39 
6037	52 
6038	1 
6039	14 
6040	7 
6041	46 
6042	27 
6043	16 
6044	46 
6045	13 
6046	10 
6047	6 
6048	44 
6049	2 
6050	2 
6051	20 
6052	20 
6053	13 
6054	8 
6055	17 
6056	14 
6057	27 
6058	2 
6059	46 
6060	10 
6061	39 
6062	50 
6063	20 
6064	51 
6065	12 
6066	14 
6067	31 
6068	23 
6069	34 
6070	29 
6071	28 
6072	36 
6073	20 
6074	1 
6075	32 
6076	11 
6077	51 
6078	12 
6079	10 
6080	17 
6081	17 
6082	52 
6083	28 
6084	1 
6085	25 
6086	44 
6087	28 
6088	10 
6089	14 
6090	29 
6091	14 
6092	31 
6093	42 
6094	28 
6095	41 
6096	32 
6097	27 
6098	46 
6099	1 
6100	35 
6101	10 
6102	13 
6103	27 
6104	28 
6105	37 
6106	23 
6107	52 
6108	33 
6109	25 
6110	10 
6111	20 
6112	23 
6113	32 
6114	5 
6115	33 
6116	33 
6117	39 
6118	40 
6119	28 
6120	39 
6121	17 
6122	38 
6123	15 
6124	32 
6125	20 
6126	26 
6127	38 
6128	17 
6129	45 
6130	41 
6131	20 
6132	45 
6133	10 
6134	20 
6135	22 
6136	39 
6137	10 
6138	51 
6139	22 
6140	6 
6141	19 
6142	17 
6143	46 
6144	15 
6145	45 
6146	51 
6147	24 
6148	24 
6149	42 
6150	23 
6151	50 
6152	10 
6153	13 
6154	34 
6155	2 
6156	23 
6157	52 
6158	20 
6159	13 
6160	44 
6161	26 
6162	46 
6163	28 
6164	5 
6165	13 
6166	15 
6167	26 
6168	6 
6169	45 
6170	33 
6171	13 
6172	17 
6173	39 
6174	6 
6175	27 
6176	32 
6177	31 
6178	32 
6179	51 
6180	14 
6181	31 
6182	17 
6183	17 
6184	28 
6185	9 
6186	22 
6187	5 
6188	1 
6189	39 
6190	32 
6191	20 
6192	34 
6193	39 
6194	51 
6195	32 
6196	33 
6197	20 
6198	18 
6199	45 
6200	43 
6201	1 
6202	32 
6203	25 
6204	1 
6205	6 
6206	51 
6207	31 
6208	33 
6209	9 
6210	5 
6211	51 
6212	23 
6213	18 
6214	32 
6215	34 
6216	45 
6217	46 
6218	33 
6219	19 
6220	30 
6221	14 
6222	45 
6223	52 
6224	13 
6225	17 
6226	5 
6227	37 
6228	41 
6229	47 
6230	17 
6231	28 
6232	31 
6233	45 
6234	47 
6235	20 
6236	32 
6237	22 
6238	46 
6239	33 
6240	26 
6241	22 
6242	48 
6243	17 
6244	31 
6245	20 
6246	18 
6247	14 
6248	25 
6249	40 
6250	12 
6251	14 
6252	1 
6253	25 
6254	44 
6255	5 
6256	1 
6257	9 
6258	45 
6259	14 
6260	50 
6261	50 
6262	42 
6263	45 
6264	35 
6265	28 
6266	46 
6267	5 
6268	39 
6269	22 
6270	20 
6271	10 
6272	39 
6273	14 
6274	30 
6275	10 
6276	14 
6277	38 
6278	17 
6279	39 
6280	43 
6281	21 
6282	22 
6283	17 
6284	22 
6285	28 
6286	9 
6287	51 
6288	11 
6289	32 
6290	46 
6291	52 
6292	42 
6293	44 
6294	2 
6295	5 
6296	1 
6297	14 
6298	10 
6299	28 
6300	20 
6301	46 
6302	46 
6303	33 
6304	52 
6305	42 
6306	52 
6307	16 
6308	15 
6309	23 
6310	5 
6311	32 
6312	26 
6313	36 
6314	28 
6315	5 
6316	28 
6317	28 
6318	52 
6319	14 
6320	32 
6321	17 
6322	23 
6323	17 
6324	5 
6325	33 
6326	48 
6327	6 
6328	6 
6329	17 
6330	22 
6331	27 
6332	20 
6333	2 
6334	17 
6335	25 
6336	52 
6337	33 
6338	48 
6339	22 
6340	27 
6341	51 
6342	17 
6343	46 
6344	5 
6345	46 
6346	46 
6347	31 
6348	20 
6349	51 
6350	39 
6351	1 
6352	33 
6353	22 
6354	48 
6355	46 
6356	5 
6357	39 
6358	22 
6359	46 
6360	9 
6361	27 
6362	38 
6363	5 
6364	23 
6365	46 
6366	5 
6367	46 
6368	35 
6369	38 
6370	39 
6371	24 
6372	43 
6373	40 
6374	32 
6375	26 
6376	14 
6377	25 
6378	20 
6379	13 
6380	28 
6381	22 
6382	29 
6383	10 
6384	45 
6385	32 
6386	21 
6387	49 
6388	17 
6389	1 
6390	6 
6391	33 
6392	27 
6393	4 
6394	39 
6395	52 
6396	44 
6397	17 
6398	37 
6399	28 
6400	28 
6401	52 
6402	38 
6403	42 
6404	45 
6405	52 
6406	42 
6407	28 
6408	10 
6409	45 
6410	20 
6411	13 
6412	5 
6413	2 
6414	26 
6415	33 
6416	16 
6417	41 
6418	45 
6419	22 
6420	4 
6421	40 
6422	40 
6423	46 
6424	17 
6425	4 
6426	2 
6427	3 
6428	10 
6429	22 
6430	18 
6431	20 
6432	5 
6433	15 
6434	22 
6435	39 
6436	39 
6437	15 
6438	32 
6439	9 
6440	29 
6441	2 
6442	4 
6443	4 
6444	20 
6445	18 
6446	30 
6447	46 
6448	10 
6449	18 
6450	42 
6451	9 
6452	9 
6453	49 
6454	14 
6455	22 
6456	44 
6457	17 
6458	2 
6459	20 
6460	25 
6461	6 
6462	52 
6463	22 
6464	39 
6465	42 
6466	9 
6467	35 
6468	27 
6469	6 
6470	2 
6471	32 
6472	13 
6473	35 
6474	16 
6475	46 
6476	17 
6477	44 
6478	17 
6479	10 
6480	27 
6481	6 
6482	14 
6483	17 
6484	25 
6485	27 
6486	44 
6487	51 
6488	10 
6489	30 
6490	47 
6491	15 
6492	20 
6493	10 
6494	23 
6495	13 
6496	27 
6497	13 
6498	51 
6499	25 
6500	31 
6501	14 
6502	32 
6503	31 
6504	43 
6505	52 
6506	45 
6507	52 
6508	4 
6509	13 
6510	17 
6511	43 
6512	20 
6513	2 
6514	20 
6515	42 
6516	10 
6517	35 
6518	28 
6519	49 
6520	14 
6521	6 
6522	4 
6523	4 
6524	50 
6525	41 
6526	30 
6527	26 
6528	14 
6529	52 
6530	42 
6531	45 
6532	25 
6533	46 
6534	16 
6535	22 
6536	21 
6537	11 
6538	31 
6539	14 
6540	52 
6541	46 
6542	30 
6543	14 
6544	24 
6545	20 
6546	17 
6547	45 
6548	5 
6549	10 
6550	10 
6551	41 
6552	39 
6553	38 
6554	23 
6555	31 
6556	49 
6557	10 
6558	6 
6559	17 
6560	13 
6561	14 
6562	5 
6563	5 
6564	14 
6565	33 
6566	23 
6567	12 
6568	31 
6569	13 
6570	41 
6571	10 
6572	28 
6573	2 
6574	46 
6575	33 
6576	42 
6577	25 
6578	13 
6579	44 
6580	39 
6581	33 
6582	27 
6583	19 
6584	10 
6585	32 
6586	48 
6587	14 
6588	35 
6589	42 
6590	6 
6591	5 
6592	2 
6593	32 
6594	46 
6595	2 
6596	46 
6597	10 
6598	45 
6599	35 
6600	4 
6601	51 
6602	12 
6603	15 
6604	14 
6605	28 
6606	28 
6607	45 
6608	19 
6609	13 
6610	7 
6611	36 
6612	28 
6613	38 
6614	5 
6615	39 
6616	39 
6617	46 
6618	46 
6619	46 
6620	28 
6621	42 
6622	5 
6623	22 
6624	42 
6625	32 
6626	35 
6627	44 
6628	42 
6629	48 
6630	45 
6631	45 
6632	42 
6633	26 
6634	29 
6635	42 
6636	10 
6637	27 
6638	4 
6639	14 
6640	48 
6641	10 
6642	35 
6643	10 
6644	27 
6645	37 
6646	32 
6647	13 
6648	13 
6649	21 
6650	42 
6651	44 
6652	6 
6653	46 
6654	39 
6655	43 
6656	46 
6657	48 
6658	18 
6659	37 
6660	28 
6661	14 
6662	42 
6663	33 
6664	28 
6665	32 
6666	10 
6667	27 
6668	32 
6669	52 
6670	45 
6671	6 
6672	28 
6673	29 
6674	21 
6675	44 
6676	1 
6677	38 
6678	7 
6679	11 
6680	31 
6681	33 
6682	41 
6683	10 
6684	5 
6685	39 
6686	45 
6687	2 
6688	36 
6689	23 
6690	17 
6691	23 
6692	1 
6693	17 
6694	52 
6695	49 
6696	44 
6697	48 
6698	20 
6699	14 
6700	12 
6701	23 
6702	20 
6703	22 
6704	18 
6705	9 
6706	25 
6707	45 
6708	20 
6709	39 
6710	25 
6711	20 
6712	8 
6713	33 
6714	42 
6715	33 
6716	21 
6717	45 
6718	22 
6719	19 
6720	10 
6721	19 
6722	8 
6723	13 
6724	17 
6725	14 
6726	28 
6727	52 
6728	32 
6729	51 
6730	14 
6731	32 
6732	51 
6733	33 
6734	14 
6735	12 
6736	25 
6737	28 
6738	33 
6739	41 
6740	39 
6741	32 
6742	5 
6743	34 
6744	17 
6745	52 
6746	18 
6747	51 
6748	13 
6749	17 
6750	3 
6751	12 
6752	45 
6753	22 
6754	39 
6755	17 
6756	28 
6757	46 
6758	35 
6759	39 
6760	42 
6761	52 
6762	13 
6763	29 
6764	17 
6765	37 
6766	1 
6767	8 
6768	42 
6769	7 
6770	30 
6771	51 
6772	34 
6773	52 
6774	19 
6775	47 
6776	52 
6777	14 
6778	38 
6779	14 
6780	10 
6781	51 
6782	5 
6783	45 
6784	25 
6785	1 
6786	32 
6787	23 
6788	32 
6789	32 
6790	4 
6791	6 
6792	5 
6793	39 
6794	39 
6795	15 
6796	10 
6797	11 
6798	46 
6799	46 
6800	11 
6801	10 
6802	28 
6803	30 
6804	10 
6805	5 
6806	28 
6807	46 
6808	44 
6809	33 
6810	34 
6811	1 
6812	10 
6813	27 
6814	10 
6815	19 
6816	9 
6817	39 
6818	6 
6819	3 
6820	41 
6821	28 
6822	14 
6823	12 
6824	32 
6825	44 
6826	50 
6827	32 
6828	5 
6829	28 
6830	41 
6831	10 
6832	33 
6833	42 
6834	21 
6835	32 
6836	13 
6837	44 
6838	1 
6839	18 
6840	45 
6841	32 
6842	45 
6843	10 
6844	48 
6845	27 
6846	18 
6847	10 
6848	10 
6849	11 
6850	28 
6851	50 
6852	17 
6853	20 
6854	39 
6855	33 
6856	20 
6857	10 
6858	39 
6859	20 
6860	42 
6861	24 
6862	44 
6863	27 
6864	39 
6865	5 
6866	51 
6867	11 
6868	27 
6869	29 
6870	5 
6871	25 
6872	10 
6873	51 
6874	31 
6875	46 
6876	13 
6877	33 
6878	52 
6879	1 
6880	52 
6881	20 
6882	17 
6883	33 
6884	32 
6885	49 
6886	30 
6887	41 
6888	28 
6889	50 
6890	51 
6891	41 
6892	49 
6893	42 
6894	46 
6895	13 
6896	39 
6897	27 
6898	8 
6899	27 
6900	46 
6901	25 
6902	28 
6903	22 
6904	27 
6905	49 
6906	42 
6907	26 
6908	46 
6909	28 
6910	52 
6911	32 
6912	8 
6913	26 
6914	52 
6915	1 
6916	52 
6917	6 
6918	49 
6919	30 
6920	1 
6921	46 
6922	26 
6923	27 
6924	13 
6925	17 
6926	10 
6927	39 
6928	42 
6929	1 
6930	46 
6931	46 
6932	22 
6933	38 
6934	21 
6935	5 
6936	46 
6937	23 
6938	42 
6939	27 
6940	10 
6941	23 
6942	14 
6943	48 
6944	1 
6945	14 
6946	25 
6947	46 
6948	28 
6949	14 
6950	13 
6951	44 
6952	10 
6953	26 
6954	20 
6955	13 
6956	19 
6957	5 
6958	18 
6959	49 
6960	50 
6961	14 
6962	17 
6963	50 
6964	5 
6965	14 
6966	14 
6967	5 
6968	32 
6969	28 
6970	20 
6971	46 
6972	44 
6973	17 
6974	20 
6975	50 
6976	25 
6977	22 
6978	13 
6979	9 
6980	28 
6981	34 
6982	10 
6983	49 
6984	25 
6985	29 
6986	23 
6987	42 
6988	28 
6989	6 
6990	47 
6991	13 
6992	39 
6993	22 
6994	9 
6995	17 
6996	38 
6997	14 
6998	46 
6999	10 
7000	2 
7001	1 
7002	30 
7003	17 
7004	24 
7005	2 
7006	42 
7007	17 
7008	52 
7009	23 
7010	11 
7011	4 
7012	51 
7013	19 
7014	14 
7015	5 
7016	33 
7017	13 
7018	40 
7019	35 
7020	27 
7021	28 
7022	13 
7023	31 
7024	3 
7025	30 
7026	7 
7027	20 
7028	17 
7029	28 
7030	1 
7031	42 
7032	25 
7033	2 
7034	48 
7035	17 
7036	10 
7037	44 
7038	42 
7039	33 
7040	5 
7041	49 
7042	43 
7043	32 
7044	48 
7045	28 
7046	31 
7047	32 
7048	5 
7049	46 
7050	22 
7051	24 
7052	23 
7053	12 
7054	5 
7055	21 
7056	9 
7057	42 
7058	6 
7059	20 
7060	4 
7061	27 
7062	43 
7063	2 
7064	46 
7065	6 
7066	14 
7067	45 
7068	46 
7069	42 
7070	10 
7071	33 
7072	51 
7073	14 
7074	31 
7075	51 
7076	39 
7077	29 
7078	1 
7079	52 
7080	5 
7081	23 
7082	40 
7083	34 
7084	28 
7085	10 
7086	50 
7087	28 
7088	46 
7089	52 
7090	11 
7091	2 
7092	48 
7093	16 
7094	12 
7095	45 
7096	32 
7097	28 
7098	23 
7099	13 
7100	39 
7101	45 
7102	7 
7103	45 
7104	16 
7105	28 
7106	27 
7107	4 
7108	33 
7109	42 
7110	24 
7111	5 
7112	14 
7113	14 
7114	2 
7115	39 
7116	20 
7117	8 
7118	1 
7119	3 
7120	33 
7121	23 
7122	13 
7123	28 
7124	25 
7125	30 
7126	1 
7127	13 
7128	5 
7129	5 
7130	15 
7131	42 
7132	46 
7133	20 
7134	39 
7135	46 
7136	34 
7137	5 
7138	37 
7139	45 
7140	33 
7141	6 
7142	51 
7143	11 
7144	29 
7145	6 
7146	14 
7147	17 
7148	36 
7149	48 
7150	25 
7151	39 
7152	6 
7153	29 
7154	2 
7155	51 
7156	32 
7157	35 
7158	3 
7159	42 
7160	21 
7161	4 
7162	22 
7163	32 
7164	5 
7165	32 
7166	8 
7167	9 
7168	28 
7169	14 
7170	22 
7171	41 
7172	39 
7173	32 
7174	11 
7175	14 
7176	14 
7177	14 
7178	33 
7179	32 
7180	25 
7181	7 
7182	32 
7183	39 
7184	14 
7185	42 
7186	20 
7187	17 
7188	3 
7189	32 
7190	6 
7191	25 
7192	39 
7193	19 
7194	44 
7195	13 
7196	39 
7197	19 
7198	35 
7199	30 
7200	29 
7201	23 
7202	6 
7203	22 
7204	20 
7205	23 
7206	1 
7207	10 
7208	39 
7209	32 
7210	17 
7211	27 
7212	2 
7213	33 
7214	33 
7215	4 
7216	52 
7217	6 
7218	18 
7219	40 
7220	46 
7221	9 
7222	5 
7223	45 
7224	48 
7225	13 
7226	46 
7227	28 
7228	49 
7229	37 
7230	42 
7231	5 
7232	35 
7233	46 
7234	35 
7235	30 
7236	2 
7237	23 
7238	26 
7239	52 
7240	39 
7241	23 
7242	23 
7243	41 
7244	48 
7245	52 
7246	25 
7247	17 
7248	25 
7249	17 
7250	45 
7251	46 
7252	4 
7253	33 
7254	17 
7255	41 
7256	20 
7257	28 
7258	32 
7259	39 
7260	34 
7261	48 
7262	44 
7263	13 
7264	1 
7265	4 
7266	46 
7267	28 
7268	45 
7269	10 
7270	34 
7271	51 
7272	23 
7273	52 
7274	1 
7275	46 
7276	4 
7277	32 
7278	39 
7279	33 
7280	45 
7281	52 
7282	23 
7283	20 
7284	3 
7285	5 
7286	2 
7287	25 
7288	44 
7289	46 
7290	41 
7291	45 
7292	50 
7293	20 
7294	23 
7295	18 
7296	13 
7297	32 
7298	45 
7299	14 
7300	17 
7301	25 
7302	20 
7303	28 
7304	41 
7305	33 
7306	48 
7307	5 
7308	17 
7309	47 
7310	2 
7311	7 
7312	37 
7313	46 
7314	5 
7315	22 
7316	1 
7317	27 
7318	32 
7319	48 
7320	17 
7321	42 
7322	6 
7323	44 
7324	31 
7325	33 
7326	9 
7327	27 
7328	31 
7329	14 
7330	1 
7331	32 
7332	9 
7333	9 
7334	41 
7335	38 
7336	48 
7337	25 
7338	28 
7339	52 
7340	28 
7341	33 
7342	12 
7343	49 
7344	12 
7345	39 
7346	46 
7347	8 
7348	50 
7349	33 
7350	37 
7351	49 
7352	14 
7353	39 
7354	15 
7355	12 
7356	1 
7357	15 
7358	10 
7359	38 
7360	3 
7361	39 
7362	16 
7363	42 
7364	10 
7365	30 
7366	5 
7367	48 
7368	20 
7369	39 
7370	11 
7371	17 
7372	51 
7373	20 
7374	28 
7375	8 
7376	17 
7377	25 
7378	22 
7379	41 
7380	31 
7381	31 
7382	14 
7383	32 
7384	13 
7385	28 
7386	45 
7387	52 
7388	23 
7389	20 
7390	5 
7391	30 
7392	10 
7393	39 
7394	14 
7395	44 
7396	17 
7397	15 
7398	9 
7399	14 
7400	8 
7401	52 
7402	34 
7403	7 
7404	23 
7405	49 
7406	10 
7407	26 
7408	30 
7409	15 
7410	33 
7411	17 
7412	37 
7413	10 
7414	32 
7415	41 
7416	10 
7417	2 
7418	35 
7419	28 
7420	19 
7421	20 
7422	33 
7423	25 
7424	5 
7425	6 
7426	5 
7427	21 
7428	14 
7429	51 
7430	13 
7431	51 
7432	20 
7433	8 
7434	28 
7435	5 
7436	30 
7437	44 
7438	46 
7439	28 
7440	36 
7441	15 
7442	10 
7443	20 
7444	20 
7445	33 
7446	17 
7447	2 
7448	23 
7449	44 
7450	17 
7451	5 
7452	1 
7453	50 
7454	7 
7455	39 
7456	25 
7457	45 
7458	27 
7459	16 
7460	8 
7461	14 
7462	22 
7463	28 
7464	4 
7465	4 
7466	14 
7467	39 
7468	46 
7469	33 
7470	15 
7471	48 
7472	11 
7473	46 
7474	50 
7475	1 
7476	52 
7477	33 
7478	6 
7479	29 
7480	31 
7481	32 
7482	15 
7483	7 
7484	14 
7485	13 
7486	27 
7487	28 
7488	32 
7489	36 
7490	28 
7491	17 
7492	45 
7493	52 
7494	46 
7495	45 
7496	45 
7497	2 
7498	30 
7499	5 
7500	51 
7501	29 
7502	51 
7503	33 
7504	4 
7505	20 
7506	20 
7507	13 
7508	17 
7509	25 
7510	10 
7511	33 
7512	22 
7513	32 
7514	41 
7515	10 
7516	20 
7517	11 
7518	13 
7519	2 
7520	52 
7521	23 
7522	5 
7523	30 
7524	3 
7525	20 
7526	28 
7527	23 
7528	28 
7529	14 
7530	6 
7531	33 
7532	39 
7533	23 
7534	13 
7535	10 
7536	10 
7537	17 
7538	38 
7539	48 
7540	29 
7541	29 
7542	27 
7543	52 
7544	47 
7545	51 
7546	23 
7547	20 
7548	20 
7549	39 
7550	25 
7551	17 
7552	41 
7553	14 
7554	14 
7555	22 
7556	39 
7557	38 
7558	52 
7559	23 
7560	48 
7561	11 
7562	22 
7563	17 
7564	22 
7565	34 
7566	15 
7567	13 
7568	42 
7569	17 
7570	44 
7571	14 
7572	19 
7573	10 
7574	14 
7575	27 
7576	28 
7577	33 
7578	33 
7579	10 
7580	10 
7581	14 
7582	25 
7583	51 
7584	9 
7585	5 
7586	27 
7587	46 
7588	13 
7589	40 
7590	20 
7591	31 
7592	23 
7593	38 
7594	46 
7595	13 
7596	52 
7597	24 
7598	52 
7599	22 
7600	33 
7601	20 
7602	10 
7603	31 
7604	1 
7605	46 
7606	5 
7607	4 
7608	49 
7609	10 
7610	10 
7611	43 
7612	28 
7613	52 
7614	23 
7615	20 
7616	30 
7617	13 
7618	14 
7619	10 
7620	46 
7621	20 
7622	2 
7623	19 
7624	23 
7625	46 
7626	48 
7627	14 
7628	42 
7629	33 
7630	22 
7631	52 
7632	10 
7633	33 
7634	20 
7635	5 
7636	32 
7637	10 
7638	52 
7639	46 
7640	1 
7641	25 
7642	9 
7643	38 
7644	23 
7645	26 
7646	35 
7647	52 
7648	28 
7649	51 
7650	27 
7651	20 
7652	6 
7653	25 
7654	13 
7655	30 
7656	43 
7657	51 
7658	1 
7659	10 
7660	30 
7661	5 
7662	42 
7663	25 
7664	52 
7665	32 
7666	27 
7667	17 
7668	32 
7669	17 
7670	43 
7671	45 
7672	23 
7673	17 
7674	22 
7675	51 
7676	52 
7677	44 
7678	28 
7679	52 
7680	39 
7681	32 
7682	52 
7683	51 
7684	5 
7685	10 
7686	27 
7687	29 
7688	5 
7689	4 
7690	39 
7691	15 
7692	30 
7693	23 
7694	38 
7695	50 
7696	15 
7697	2 
7698	20 
7699	25 
7700	10 
7701	44 
7702	27 
7703	13 
7704	18 
7705	27 
7706	14 
7707	23 
7708	30 
7709	13 
7710	22 
7711	35 
7712	52 
7713	50 
7714	10 
7715	14 
7716	28 
7717	14 
7718	52 
7719	17 
7720	1 
7721	2 
7722	17 
7723	20 
7724	41 
7725	46 
7726	9 
7727	30 
7728	23 
7729	35 
7730	45 
7731	28 
7732	6 
7733	50 
7734	4 
7735	52 
7736	28 
7737	4 
7738	5 
7739	10 
7740	37 
7741	42 
7742	8 
7743	35 
7744	27 
7745	28 
7746	5 
7747	25 
7748	14 
7749	46 
7750	28 
7751	6 
7752	23 
7753	52 
7754	35 
7755	48 
7756	10 
7757	33 
7758	1 
7759	30 
7760	25 
7761	39 
7762	20 
7763	52 
7764	10 
7765	10 
7766	28 
7767	10 
7768	48 
7769	48 
7770	45 
7771	51 
7772	13 
7773	30 
7774	14 
7775	32 
7776	20 
7777	31 
7778	8 
7779	17 
7780	45 
7781	7 
7782	5 
7783	33 
7784	35 
7785	52 
7786	46 
7787	5 
7788	39 
7789	35 
7790	14 
7791	15 
7792	13 
7793	41 
7794	20 
7795	32 
7796	10 
7797	41 
7798	40 
7799	38 
7800	20 
7801	51 
7802	50 
7803	25 
7804	45 
7805	9 
7806	13 
7807	48 
7808	45 
7809	29 
7810	25 
7811	26 
7812	23 
7813	30 
7814	51 
7815	31 
7816	52 
7817	21 
7818	30 
7819	10 
7820	32 
7821	30 
7822	39 
7823	28 
7824	38 
7825	33 
7826	43 
7827	39 
7828	41 
7829	33 
7830	45 
7831	10 
7832	46 
7833	13 
7834	46 
7835	13 
7836	40 
7837	25 
7838	1 
7839	28 
7840	5 
7841	48 
7842	21 
7843	18 
7844	38 
7845	24 
7846	14 
7847	33 
7848	38 
7849	20 
7850	49 
7851	46 
7852	8 
7853	18 
7854	34 
7855	38 
7856	45 
7857	51 
7858	5 
7859	8 
7860	23 
7861	5 
7862	17 
7863	17 
7864	45 
7865	2 
7866	9 
7867	11 
7868	9 
7869	45 
7870	46 
7871	33 
7872	17 
7873	1 
7874	33 
7875	10 
7876	35 
7877	50 
7878	33 
7879	25 
7880	14 
7881	46 
7882	41 
7883	46 
7884	14 
7885	19 
7886	44 
7887	26 
7888	10 
7889	20 
7890	41 
7891	2 
7892	10 
7893	22 
7894	4 
7895	39 
7896	11 
7897	51 
7898	38 
7899	11 
7900	15 
7901	52 
7902	39 
7903	10 
7904	14 
7905	10 
7906	47 
7907	32 
7908	1 
7909	52 
7910	14 
7911	35 
7912	13 
7913	17 
7914	33 
7915	5 
7916	22 
7917	17 
7918	28 
7919	35 
7920	6 
7921	1 
7922	26 
7923	1 
7924	14 
7925	20 
7926	44 
7927	10 
7928	6 
7929	23 
7930	5 
7931	42 
7932	15 
7933	41 
7934	28 
7935	15 
7936	5 
7937	51 
7938	3 
7939	32 
7940	45 
7941	30 
7942	51 
7943	21 
7944	3 
7945	24 
7946	10 
7947	14 
7948	31 
7949	18 
7950	28 
7951	14 
7952	5 
7953	6 
7954	46 
7955	18 
7956	28 
7957	32 
7958	20 
7959	42 
7960	48 
7961	41 
7962	14 
7963	8 
7964	13 
7965	25 
7966	32 
7967	31 
7968	32 
7969	10 
7970	29 
7971	3 
7972	50 
7973	27 
7974	4 
7975	16 
7976	1 
7977	8 
7978	14 
7979	10 
7980	33 
7981	38 
7982	23 
7983	42 
7984	6 
7985	1 
7986	9 
7987	51 
7988	38 
7989	35 
7990	5 
7991	39 
7992	17 
7993	9 
7994	50 
7995	8 
7996	37 
7997	43 
7998	9 
7999	33 
8000	23 
8001	20 
8002	20 
8003	32 
8004	13 
8005	17 
8006	23 
8007	28 
8008	10 
8009	5 
8010	13 
8011	25 
8012	42 
8013	32 
8014	27 
8015	46 
8016	17 
8017	35 
8018	1 
8019	38 
8020	22 
8021	20 
8022	12 
8023	28 
8024	40 
8025	33 
8026	51 
8027	42 
8028	28 
8029	52 
8030	39 
8031	6 
8032	46 
8033	52 
8034	30 
8035	33 
8036	6 
8037	17 
8038	10 
8039	29 
8040	17 
8041	48 
8042	9 
8043	32 
8044	35 
8045	35 
8046	32 
8047	33 
8048	33 
8049	51 
8050	13 
8051	51 
8052	52 
8053	44 
8054	14 
8055	27 
8056	49 
8057	52 
8058	17 
8059	52 
8060	26 
8061	13 
8062	13 
8063	33 
8064	46 
8065	27 
8066	13 
8067	23 
8068	22 
8069	28 
8070	20 
8071	48 
8072	41 
8073	1 
8074	5 
8075	17 
8076	38 
8077	20 
8078	28 
8079	41 
8080	29 
8081	39 
8082	40 
8083	49 
8084	10 
8085	39 
8086	4 
8087	23 
8088	14 
8089	48 
8090	10 
8091	25 
8092	13 
8093	6 
8094	33 
8095	25 
8096	22 
8097	45 
8098	5 
8099	45 
8100	28 
8101	25 
8102	37 
8103	30 
8104	34 
8105	17 
8106	6 
8107	13 
8108	52 
8109	50 
8110	10 
8111	30 
8112	52 
8113	2 
8114	44 
8115	6 
8116	14 
8117	50 
8118	48 
8119	38 
8120	1 
8121	39 
8122	1 
8123	22 
8124	16 
8125	3 
8126	50 
8127	44 
8128	14 
8129	37 
8130	51 
8131	15 
8132	42 
8133	14 
8134	6 
8135	27 
8136	9 
8137	37 
8138	15 
8139	22 
8140	45 
8141	2 
8142	5 
8143	28 
8144	13 
8145	17 
8146	39 
8147	39 
8148	17 
8149	31 
8150	22 
8151	33 
8152	30 
8153	45 
8154	20 
8155	5 
8156	52 
8157	23 
8158	51 
8159	38 
8160	4 
8161	34 
8162	32 
8163	52 
8164	4 
8165	46 
8166	45 
8167	1 
8168	14 
8169	48 
8170	47 
8171	17 
8172	51 
8173	45 
8174	20 
8175	18 
8176	17 
8177	46 
8178	16 
8179	30 
8180	44 
8181	52 
8182	9 
8183	22 
8184	6 
8185	6 
8186	38 
8187	28 
8188	20 
8189	6 
8190	27 
8191	10 
8192	49 
8193	23 
8194	4 
8195	38 
8196	39 
8197	39 
8198	14 
8199	26 
8200	32 
8201	4 
8202	19 
8203	10 
8204	27 
8205	28 
8206	41 
8207	32 
8208	32 
8209	33 
8210	28 
8211	5 
8212	38 
8213	48 
8214	50 
8215	10 
8216	32 
8217	50 
8218	45 
8219	35 
8220	41 
8221	33 
8222	5 
8223	47 
8224	46 
8225	45 
8226	48 
8227	42 
8228	17 
8229	20 
8230	32 
8231	24 
8232	10 
8233	4 
8234	45 
8235	32 
8236	46 
8237	19 
8238	4 
8239	28 
8240	51 
8241	20 
8242	39 
8243	41 
8244	45 
8245	14 
8246	14 
8247	19 
8248	28 
8249	46 
8250	46 
8251	3 
8252	28 
8253	19 
8254	32 
8255	16 
8256	27 
8257	18 
8258	38 
8259	14 
8260	45 
8261	9 
8262	33 
8263	32 
8264	25 
8265	51 
8266	17 
8267	23 
8268	42 
8269	23 
8270	23 
8271	52 
8272	5 
8273	15 
8274	33 
8275	52 
8276	6 
8277	41 
8278	10 
8279	17 
8280	8 
8281	30 
8282	39 
8283	20 
8284	29 
8285	1 
8286	23 
8287	3 
8288	17 
8289	6 
8290	33 
8291	5 
8292	25 
8293	5 
8294	38 
8295	15 
8296	14 
8297	38 
8298	42 
8299	22 
8300	32 
8301	38 
8302	45 
8303	5 
8304	44 
8305	39 
8306	32 
8307	23 
8308	17 
8309	51 
8310	42 
8311	52 
8312	19 
8313	11 
8314	32 
8315	28 
8316	33 
8317	11 
8318	20 
8319	28 
8320	32 
8321	35 
8322	28 
8323	35 
8324	14 
8325	14 
8326	28 
8327	39 
8328	3 
8329	28 
8330	10 
8331	22 
8332	41 
8333	17 
8334	51 
8335	38 
8336	52 
8337	20 
8338	30 
8339	7 
8340	14 
8341	14 
8342	5 
8343	2 
8344	27 
8345	2 
8346	37 
8347	32 
8348	45 
8349	46 
8350	52 
8351	22 
8352	33 
8353	42 
8354	32 
8355	12 
8356	17 
8357	52 
8358	45 
8359	32 
8360	46 
8361	27 
8362	4 
8363	30 
8364	27 
8365	42 
8366	4 
8367	33 
8368	26 
8369	17 
8370	25 
8371	51 
8372	42 
8373	46 
8374	46 
8375	45 
8376	9 
8377	51 
8378	52 
8379	13 
8380	44 
8381	26 
8382	51 
8383	20 
8384	52 
8385	52 
8386	31 
8387	30 
8388	30 
8389	31 
8390	28 
8391	33 
8392	25 
8393	14 
8394	20 
8395	23 
8396	11 
8397	4 
8398	10 
8399	37 
8400	52 
8401	51 
8402	13 
8403	22 
8404	10 
8405	17 
8406	24 
8407	3 
8408	45 
8409	48 
8410	45 
8411	33 
8412	41 
8413	32 
8414	23 
8415	4 
8416	27 
8417	20 
8418	46 
8419	5 
8420	30 
8421	17 
8422	48 
8423	48 
8424	19 
8425	1 
8426	22 
8427	51 
8428	20 
8429	17 
8430	24 
8431	13 
8432	25 
8433	32 
8434	33 
8435	22 
8436	26 
8437	23 
8438	7 
8439	40 
8440	32 
8441	27 
8442	51 
8443	11 
8444	52 
8445	50 
8446	52 
8447	38 
8448	30 
8449	44 
8450	20 
8451	32 
8452	9 
8453	46 
8454	19 
8455	20 
8456	28 
8457	33 
8458	5 
8459	42 
8460	51 
8461	27 
8462	1 
8463	17 
8464	15 
8465	4 
8466	20 
8467	26 
8468	44 
8469	31 
8470	45 
8471	5 
8472	2 
8473	33 
8474	38 
8475	16 
8476	39 
8477	7 
8478	20 
8479	20 
8480	28 
8481	1 
8482	6 
8483	46 
8484	35 
8485	13 
8486	28 
8487	32 
8488	51 
8489	12 
8490	18 
8491	33 
8492	5 
8493	23 
8494	52 
8495	22 
8496	23 
8497	28 
8498	45 
8499	32 
8500	5 
8501	30 
8502	31 
8503	4 
8504	1 
8505	26 
8506	41 
8507	2 
8508	32 
8509	39 
8510	41 
8511	10 
8512	15 
8513	44 
8514	10 
8515	46 
8516	41 
8517	15 
8518	1 
8519	45 
8520	45 
8521	45 
8522	10 
8523	46 
8524	45 
8525	23 
8526	14 
8527	13 
8528	10 
8529	18 
8530	32 
8531	33 
8532	42 
8533	4 
8534	41 
8535	1 
8536	51 
8537	26 
8538	48 
8539	30 
8540	20 
8541	5 
8542	51 
8543	13 
8544	10 
8545	45 
8546	46 
8547	14 
8548	17 
8549	26 
8550	33 
8551	20 
8552	5 
8553	10 
8554	51 
8555	44 
8556	14 
8557	45 
8558	41 
8559	48 
8560	14 
8561	29 
8562	42 
8563	46 
8564	14 
8565	46 
8566	45 
8567	31 
8568	38 
8569	5 
8570	32 
8571	10 
8572	51 
8573	44 
8574	17 
8575	46 
8576	17 
8577	25 
8578	32 
8579	20 
8580	11 
8581	33 
8582	44 
8583	9 
8584	5 
8585	37 
8586	48 
8587	45 
8588	8 
8589	17 
8590	1 
8591	46 
8592	35 
8593	13 
8594	39 
8595	39 
8596	33 
8597	4 
8598	39 
8599	5 
8600	41 
8601	25 
8602	25 
8603	38 
8604	22 
8605	31 
8606	32 
8607	39 
8608	52 
8609	16 
8610	26 
8611	52 
8612	39 
8613	14 
8614	33 
8615	13 
8616	35 
8617	8 
8618	51 
8619	32 
8620	28 
8621	46 
8622	4 
8623	42 
8624	10 
8625	18 
8626	51 
8627	46 
8628	32 
8629	39 
8630	11 
8631	22 
8632	9 
8633	51 
8634	33 
8635	14 
8636	46 
8637	31 
8638	17 
8639	28 
8640	17 
8641	8 
8642	14 
8643	44 
8644	5 
8645	8 
8646	17 
8647	32 
8648	46 
8649	32 
8650	22 
8651	49 
8652	3 
8653	14 
8654	33 
8655	12 
8656	41 
8657	46 
8658	13 
8659	7 
8660	4 
8661	41 
8662	32 
8663	6 
8664	20 
8665	28 
8666	41 
8667	26 
8668	33 
8669	17 
8670	33 
8671	31 
8672	44 
8673	46 
8674	12 
8675	45 
8676	28 
8677	10 
8678	22 
8679	2 
8680	33 
8681	3 
8682	23 
8683	41 
8684	50 
8685	20 
8686	14 
8687	15 
8688	14 
8689	33 
8690	31 
8691	8 
8692	42 
8693	10 
8694	41 
8695	23 
8696	17 
8697	44 
8698	13 
8699	35 
8700	42 
8701	33 
8702	1 
8703	18 
8704	31 
8705	30 
8706	28 
8707	13 
8708	23 
8709	14 
8710	31 
8711	10 
8712	2 
8713	45 
8714	1 
8715	17 
8716	15 
8717	28 
8718	15 
8719	5 
8720	46 
8721	28 
8722	33 
8723	5 
8724	51 
8725	23 
8726	3 
8727	42 
8728	10 
8729	6 
8730	42 
8731	18 
8732	51 
8733	39 
8734	27 
8735	1 
8736	28 
8737	10 
8738	5 
8739	45 
8740	52 
8741	28 
8742	20 
8743	24 
8744	10 
8745	5 
8746	32 
8747	17 
8748	20 
8749	42 
8750	15 
8751	46 
8752	46 
8753	25 
8754	7 
8755	10 
8756	4 
8757	52 
8758	41 
8759	18 
8760	46 
8761	13 
8762	22 
8763	30 
8764	28 
8765	23 
8766	2 
8767	29 
8768	38 
8769	6 
8770	32 
8771	1 
8772	17 
8773	3 
8774	2 
8775	8 
8776	23 
8777	52 
8778	33 
8779	46 
8780	23 
8781	27 
8782	10 
8783	17 
8784	10 
8785	52 
8786	7 
8787	50 
8788	2 
8789	32 
8790	8 
8791	25 
8792	13 
8793	48 
8794	20 
8795	5 
8796	51 
8797	32 
8798	6 
8799	20 
8800	3 
8801	45 
8802	29 
8803	31 
8804	17 
8805	33 
8806	5 
8807	10 
8808	39 
8809	39 
8810	42 
8811	32 
8812	10 
8813	33 
8814	23 
8815	27 
8816	46 
8817	30 
8818	20 
8819	13 
8820	33 
8821	49 
8822	5 
8823	32 
8824	17 
8825	20 
8826	10 
8827	51 
8828	32 
8829	14 
8830	17 
8831	50 
8832	10 
8833	13 
8834	32 
8835	10 
8836	45 
8837	52 
8838	40 
8839	33 
8840	18 
8841	52 
8842	13 
8843	14 
8844	14 
8845	17 
8846	23 
8847	42 
8848	15 
8849	46 
8850	11 
8851	13 
8852	20 
8853	46 
8854	4 
8855	30 
8856	15 
8857	14 
8858	28 
8859	10 
8860	14 
8861	32 
8862	32 
8863	4 
8864	28 
8865	6 
8866	51 
8867	14 
8868	14 
8869	1 
8870	48 
8871	45 
8872	20 
8873	17 
8874	10 
8875	51 
8876	39 
8877	19 
8878	51 
8879	11 
8880	6 
8881	42 
8882	22 
8883	45 
8884	1 
8885	10 
8886	32 
8887	23 
8888	31 
8889	39 
8890	22 
8891	28 
8892	15 
8893	10 
8894	39 
8895	20 
8896	8 
8897	38 
8898	7 
8899	52 
8900	45 
8901	17 
8902	30 
8903	37 
8904	14 
8905	46 
8906	42 
8907	17 
8908	44 
8909	15 
8910	15 
8911	22 
8912	45 
8913	4 
8914	41 
8915	14 
8916	10 
8917	10 
8918	10 
8919	6 
8920	33 
8921	46 
8922	2 
8923	46 
8924	17 
8925	41 
8926	52 
8927	46 
8928	41 
8929	32 
8930	33 
8931	46 
8932	19 
8933	28 
8934	22 
8935	26 
8936	6 
8937	52 
8938	8 
8939	26 
8940	17 
8941	42 
8942	49 
8943	33 
8944	50 
8945	33 
8946	26 
8947	52 
8948	44 
8949	39 
8950	39 
8951	46 
8952	20 
8953	18 
8954	52 
8955	30 
8956	42 
8957	39 
8958	15 
8959	32 
8960	26 
8961	23 
8962	17 
8963	41 
8964	23 
8965	33 
8966	17 
8967	17 
8968	1 
8969	32 
8970	10 
8971	52 
8972	17 
8973	51 
8974	52 
8975	44 
8976	20 
8977	3 
8978	14 
8979	2 
8980	50 
8981	30 
8982	48 
8983	4 
8984	14 
8985	41 
8986	25 
8987	13 
8988	20 
8989	11 
8990	45 
8991	33 
8992	17 
8993	51 
8994	20 
8995	38 
8996	52 
8997	4 
8998	52 
8999	28 
9000	45 
9001	35 
9002	39 
9003	19 
9004	17 
9005	13 
9006	51 
9007	38 
9008	28 
9009	35 
9010	10 
9011	14 
9012	11 
9013	39 
9014	17 
9015	28 
9016	6 
9017	35 
9018	5 
9019	13 
9020	20 
9021	5 
9022	5 
9023	28 
9024	35 
9025	20 
9026	52 
9027	32 
9028	42 
9029	26 
9030	33 
9031	23 
9032	10 
9033	25 
9034	44 
9035	30 
9036	1 
9037	4 
9038	23 
9039	48 
9040	44 
9041	14 
9042	9 
9043	51 
9044	4 
9045	49 
9046	20 
9047	1 
9048	18 
9049	23 
9050	10 
9051	20 
9052	48 
9053	28 
9054	10 
9055	17 
9056	5 
9057	18 
9058	46 
9059	18 
9060	6 
9061	30 
9062	33 
9063	23 
9064	10 
9065	10 
9066	1 
9067	11 
9068	20 
9069	51 
9070	22 
9071	38 
9072	38 
9073	23 
9074	31 
9075	33 
9076	20 
9077	13 
9078	41 
9079	52 
9080	41 
9081	42 
9082	25 
9083	4 
9084	17 
9085	45 
9086	1 
9087	48 
9088	28 
9089	17 
9090	10 
9091	1 
9092	2 
9093	33 
9094	28 
9095	10 
9096	22 
9097	42 
9098	20 
9099	25 
9100	39 
9101	30 
9102	27 
9103	17 
9104	10 
9105	32 
9106	3 
9107	27 
9108	14 
9109	52 
9110	5 
9111	23 
9112	6 
9113	20 
9114	35 
9115	45 
9116	52 
9117	17 
9118	10 
9119	4 
9120	23 
9121	22 
9122	46 
9123	17 
9124	39 
9125	48 
9126	9 
9127	10 
9128	13 
9129	15 
9130	8 
9131	46 
9132	18 
9133	4 
9134	23 
9135	22 
9136	38 
9137	32 
9138	17 
9139	3 
9140	28 
9141	28 
9142	39 
9143	23 
9144	27 
9145	44 
9146	44 
9147	10 
9148	22 
9149	5 
9150	52 
9151	23 
9152	20 
9153	14 
9154	45 
9155	42 
9156	45 
9157	42 
9158	2 
9159	42 
9160	15 
9161	17 
9162	52 
9163	17 
9164	2 
9165	42 
9166	33 
9167	44 
9168	23 
9169	46 
9170	28 
9171	49 
9172	2 
9173	28 
9174	31 
9175	52 
9176	22 
9177	25 
9178	44 
9179	48 
9180	33 
9181	41 
9182	3 
9183	46 
9184	51 
9185	18 
9186	32 
9187	39 
9188	41 
9189	46 
9190	52 
9191	9 
9192	11 
9193	20 
9194	48 
9195	50 
9196	32 
9197	22 
9198	13 
9199	10 
9200	35 
9201	27 
9202	17 
9203	45 
9204	38 
9205	26 
9206	33 
9207	14 
9208	33 
9209	33 
9210	22 
9211	8 
9212	30 
9213	41 
9214	15 
9215	2 
9216	51 
9217	10 
9218	11 
9219	39 
9220	44 
9221	42 
9222	25 
9223	17 
9224	23 
9225	45 
9226	11 
9227	8 
9228	48 
9229	48 
9230	45 
9231	51 
9232	51 
9233	1 
9234	20 
9235	4 
9236	41 
9237	28 
9238	48 
9239	30 
9240	22 
9241	44 
9242	28 
9243	51 
9244	39 
9245	38 
9246	39 
9247	25 
9248	48 
9249	6 
9250	52 
9251	52 
9252	45 
9253	32 
9254	8 
9255	15 
9256	50 
9257	14 
9258	50 
9259	20 
9260	45 
9261	5 
9262	19 
9263	1 
9264	39 
9265	10 
9266	10 
9267	33 
9268	14 
9269	20 
9270	41 
9271	17 
9272	44 
9273	23 
9274	14 
9275	13 
9276	33 
9277	10 
9278	5 
9279	22 
9280	20 
9281	42 
9282	10 
9283	44 
9284	30 
9285	48 
9286	20 
9287	45 
9288	17 
9289	13 
9290	4 
9291	13 
9292	48 
9293	2 
9294	31 
9295	45 
9296	25 
9297	15 
9298	32 
9299	6 
9300	48 
9301	25 
9302	26 
9303	33 
9304	23 
9305	39 
9306	45 
9307	44 
9308	46 
9309	17 
9310	50 
9311	28 
9312	13 
9313	28 
9314	9 
9315	51 
9316	30 
9317	46 
9318	6 
9319	32 
9320	17 
9321	38 
9322	14 
9323	52 
9324	10 
9325	33 
9326	28 
9327	28 
9328	5 
9329	46 
9330	44 
9331	1 
9332	42 
9333	52 
9334	39 
9335	2 
9336	33 
9337	5 
9338	28 
9339	10 
9340	2 
9341	39 
9342	46 
9343	32 
9344	13 
9345	22 
9346	13 
9347	52 
9348	23 
9349	51 
9350	20 
9351	52 
9352	27 
9353	9 
9354	51 
9355	10 
9356	17 
9357	42 
9358	25 
9359	44 
9360	33 
9361	5 
9362	46 
9363	52 
9364	9 
9365	22 
9366	25 
9367	52 
9368	30 
9369	2 
9370	32 
9371	39 
9372	10 
9373	32 
9374	5 
9375	23 
9376	45 
9377	2 
9378	28 
9379	42 
9380	28 
9381	46 
9382	13 
9383	44 
9384	22 
9385	25 
9386	52 
9387	46 
9388	17 
9389	9 
9390	2 
9391	38 
9392	32 
9393	42 
9394	28 
9395	23 
9396	14 
9397	22 
9398	17 
9399	32 
9400	39 
9401	45 
9402	22 
9403	28 
9404	46 
9405	17 
9406	31 
9407	17 
9408	28 
9409	35 
9410	25 
9411	39 
9412	28 
9413	46 
9414	44 
9415	14 
9416	14 
9417	23 
9418	5 
9419	23 
9420	15 
9421	10 
9422	44 
9423	39 
9424	39 
9425	23 
9426	35 
9427	51 
9428	13 
9429	10 
9430	14 
9431	38 
9432	20 
9433	39 
9434	10 
9435	4 
9436	10 
9437	9 
9438	23 
9439	17 
9440	52 
9441	35 
9442	32 
9443	10 
9444	48 
9445	13 
9446	46 
9447	35 
9448	52 
9449	45 
9450	1 
9451	41 
9452	20 
9453	44 
9454	17 
9455	45 
9456	30 
9457	17 
9458	41 
9459	52 
9460	2 
9461	51 
9462	1 
9463	33 
9464	22 
9465	10 
9466	27 
9467	2 
9468	20 
9469	41 
9470	35 
9471	10 
9472	38 
9473	20 
9474	33 
9475	10 
9476	32 
9477	32 
9478	5 
9479	46 
9480	20 
9481	2 
9482	13 
9483	32 
9484	25 
9485	41 
9486	22 
9487	20 
9488	5 
9489	52 
9490	28 
9491	13 
9492	27 
9493	17 
9494	39 
9495	20 
9496	45 
9497	14 
9498	14 
9499	17 
9500	17 
9501	45 
9502	5 
9503	14 
9504	44 
9505	32 
9506	30 
9507	14 
9508	22 
9509	41 
9510	6 
9511	13 
9512	39 
9513	10 
9514	39 
9515	5 
9516	1 
9517	32 
9518	32 
9519	38 
9520	41 
9521	17 
9522	51 
9523	10 
9524	13 
9525	17 
9526	17 
9527	38 
9528	45 
9529	28 
9530	28 
9531	25 
9532	4 
9533	23 
9534	45 
9535	25 
9536	10 
9537	2 
9538	50 
9539	39 
9540	42 
9541	27 
9542	32 
9543	48 
9544	6 
9545	9 
9546	33 
9547	10 
9548	51 
9549	28 
9550	10 
9551	45 
9552	23 
9553	20 
9554	13 
9555	44 
9556	44 
9557	39 
9558	46 
9559	5 
9560	17 
9561	23 
9562	44 
9563	20 
9564	35 
9565	13 
9566	6 
9567	33 
9568	20 
9569	4 
9570	1 
9571	22 
9572	4 
9573	31 
9574	5 
9575	32 
9576	52 
9577	20 
9578	30 
9579	32 
9580	32 
9581	45 
9582	32 
9583	33 
9584	27 
9585	44 
9586	4 
9587	4 
9588	17 
9589	20 
9590	32 
9591	48 
9592	22 
9593	28 
9594	15 
9595	46 
9596	39 
9597	23 
9598	14 
9599	13 
9600	2 
9601	33 
9602	30 
9603	17 
9604	17 
9605	4 
9606	42 
9607	23 
9608	6 
9609	17 
9610	14 
9611	22 
9612	9 
9613	20 
9614	22 
9615	31 
9616	51 
9617	1 
9618	46 
9619	17 
9620	17 
9621	10 
9622	17 
9623	51 
9624	33 
9625	14 
9626	42 
9627	42 
9628	51 
9629	41 
9630	33 
9631	35 
9632	35 
9633	4 
9634	45 
9635	39 
9636	32 
9637	15 
9638	42 
9639	31 
9640	32 
9641	39 
9642	46 
9643	13 
9644	52 
9645	28 
9646	17 
9647	32 
9648	10 
9649	51 
9650	46 
9651	20 
9652	32 
9653	27 
9654	51 
9655	25 
9656	38 
9657	39 
9658	39 
9659	20 
9660	39 
9661	52 
9662	4 
9663	2 
9664	2 
9665	45 
9666	42 
9667	6 
9668	39 
9669	35 
9670	52 
9671	9 
9672	13 
9673	2 
9674	9 
9675	45 
9676	2 
9677	39 
9678	42 
9679	10 
9680	45 
9681	1 
9682	28 
9683	33 
9684	14 
9685	6 
9686	27 
9687	25 
9688	13 
9689	13 
9690	52 
9691	14 
9692	48 
9693	27 
9694	45 
9695	52 
9696	9 
9697	38 
9698	13 
9699	10 
9700	51 
9701	20 
9702	39 
9703	32 
9704	22 
9705	51 
9706	30 
9707	46 
9708	27 
9709	35 
9710	14 
9711	1 
9712	30 
9713	17 
9714	14 
9715	44 
9716	2 
9717	23 
9718	46 
9719	32 
9720	48 
9721	28 
9722	32 
9723	10 
9724	20 
9725	20 
9726	38 
9727	46 
9728	39 
9729	38 
9730	22 
9731	23 
9732	17 
9733	20 
9734	14 
9735	14 
9736	5 
9737	5 
9738	20 
9739	35 
9740	4 
9741	10 
9742	51 
9743	28 
9744	4 
9745	28 
9746	1 
9747	22 
9748	6 
9749	38 
9750	28 
9751	45 
9752	14 
9753	32 
9754	14 
9755	46 
9756	17 
9757	28 
9758	20 
9759	45 
9760	17 
9761	20 
9762	32 
9763	10 
9764	6 
9765	23 
9766	13 
9767	33 
9768	32 
9769	51 
9770	28 
9771	46 
9772	39 
9773	41 
9774	45 
9775	10 
9776	5 
9777	6 
9778	23 
9779	13 
9780	51 
9781	10 
9782	25 
9783	6 
9784	23 
9785	32 
9786	48 
9787	46 
9788	45 
9789	4 
9790	46 
9791	51 
9792	48 
9793	45 
9794	20 
9795	13 
9796	17 
9797	28 
9798	45 
9799	17 
9800	27 
9801	33 
9802	51 
9803	41 
9804	20 
9805	33 
9806	13 
9807	28 
9808	13 
9809	20 
9810	30 
9811	14 
9812	30 
9813	44 
9814	45 
9815	13 
9816	20 
9817	20 
9818	13 
9819	10 
9820	14 
9821	33 
9822	45 
9823	17 
9824	44 
9825	13 
9826	10 
9827	42 
9828	10 
9829	25 
9830	5 
9831	30 
9832	6 
9833	28 
9834	14 
9835	5 
9836	13 
9837	30 
9838	28 
9839	20 
9840	10 
9841	2 
9842	28 
9843	28 
9844	14 
9845	32 
9846	4 
9847	46 
9848	5 
9849	39 
9850	25 
9851	39 
9852	28 
9853	52 
9854	45 
9855	52 
9856	1 
9857	28 
9858	32 
9859	14 
9860	20 
9861	14 
9862	52 
9863	22 
9864	51 
9865	46 
9866	17 
9867	28 
9868	32 
9869	46 
9870	6 
9871	45 
9872	28 
9873	14 
9874	1 
9875	39 
9876	17 
9877	32 
9878	17 
9879	14 
9880	10 
9881	10 
9882	22 
9883	13 
9884	28 
9885	46 
9886	46 
9887	6 
9888	14 
9889	25 
9890	6 
9891	52 
9892	6 
9893	17 
9894	1 
9895	42 
9896	39 
9897	33 
9898	14 
9899	14 
9900	25 
9901	42 
9902	52 
9903	23 
9904	32 
9905	46 
9906	5 
9907	23 
9908	51 
9909	23 
9910	20 
9911	28 
9912	14 
9913	46 
9914	23 
9915	32 
9916	39 
9917	28 
9918	14 
9919	46 
9920	46 
9921	17 
9922	10 
9923	52 
9924	32 
9925	14 
9926	42 
9927	45 
9928	39 
9929	23 
9930	20 
9931	13 
9932	51 
9933	42 
9934	28 
9935	45 
9936	51 
9937	32 
9938	51 
9939	32 
9940	17 
9941	13 
9942	14 
9943	33 
9944	10 
9945	46 
9946	10 
9947	46 
9948	33 
9949	10 
9950	14 
9951	52 
9952	14 
9953	33 
9954	20 
9955	10 
9956	32 
9957	33 
9958	32 
9959	45 
9960	28 
9961	51 
9962	32 
9963	42 
9964	32 
9965	39 
9966	51 
9967	13 
9968	39 
9969	13 
9970	10 
9971	28 
9972	10 
9973	32 
9974	13 
9975	5 
9976	32 
9977	13 
9978	51 
9979	32 
9980	45 
9981	39 
9982	32 
9983	20 
9984	52 
9985	13 
9986	51 
9987	32 
9988	14 
9989	20 
9990	10 
9991	39 
9992	20 
9993	45 
9994	51 
9995	39 
9996	45 
9997	14 
9998	17 
9999	28 
10000	5 
